0000000000000000000000000000000000000000000000000000000000000000000000000000000000000000000000000000000000000000000000000000000000000000000000000000000000000000000000000000000000000000000000000000000000000000000000000000000000000000000000000000000000000000000000
0001111111111111111111111111111110000000000000000000000000000111111110000000000000000000000000001111111111111111111000000000001111111000000000000000000000000000000000011111111111111111111111111111100000000000000111111111111111111111110000000000000000000000000000
0011111111111111111111111111111111000000000000000000000000000111111111000000000000000000000000011111111111111111111000000000011111111100000000000000000000000000000000111111111111111111111111111111110000000000001111111111111111111111111111110000000000000000000000
0011111111111111111111111111111111000000000000000000000000001111111111000000000000000000000000011111111111111111111100000000011111111100000000000000000000000000000000111111111111111111111111111111110000000000001111111111111111111111111111111110000000000000000000
0011111111111111111111111111111111000000000000000000000000001111111111100000000000000000000000011111111111111111111100000000011111111100000000000000000000000000000000111111111111111111111111111111110000000000001111111111111111111111111111111111100000000000000000
0011111111111111111111111111111111000000000000000000000000001111111111100000000000000000000000011111111111111111111100000000011111111100000000000000000000000000000000111111111111111111111111111111110000000000001111111111111111111111111111111111111000000000000000
0011111111111111111111111111111111000000000000000000000000011111111111110000000000000000000000011111111111111111111100000000011111111100000000000000000000000000000000111111111111111111111111111111110000000000001111111111111111111111111111111111111110000000000000
0011111111111111111111111111111111000000000000000000000000011111111111110000000000000000000000011111111111111111111000000000011111111100000000000000000000000000000000111111111111111111111111111111110000000000001111111111111111111111111111111111111111000000000000
0011111111111111111111111111111111000000000000000000000000111111111111110000000000000000000000001111111111111111111000000000011111111100000000000000000000000000000000111111111111111111111111111111110000000000001111111111111111111111111111111111111111100000000000
0011111111111110000000000000000100000000000000000000000000111111111111111000000000000000000000000000011111111100000000000000011111111100000000000000000000000000000000111111111111111110000000011011000000000000001111111111111111111111111111111111111111110000000000
0011111111100000000000000000000000000000000000000000000000111111111111111000000000000000000000000000011111111100000000000000011111111100000000000000000000000000000000111111111000000000000000000000000000000000001111111111000000000000000011111111111111111000000000
0011111111100000000000000000000000000000000000000000000001111111111111111000000000000000000000000000011111111100000000000000011111111100000000000000000000000000000000111111111000000000000000000000000000000000001111111111000000000000000000011111111111111100000000
0011111111100000000000000000000000000000000000000000000001111111111111111100000000000000000000000000011111111100000000000000011111111100000000000000000000000000000000111111111000000000000000000000000000000000001111111111000000000000000000000011111111111110000000
0011111111100000000000000000000000000000000000000000000001111111111111111100000000000000000000000000011111111100000000000000011111111100000000000000000000000000000000111111111000000000000000000000000000000000001111111111000000000000000000000001111111111110000000
0011111111100000000000000000000000000000000000000000000011111111111111111110000000000000000000000000011111111100000000000000011111111100000000000000000000000000000000111111111000000000000000000000000000000000001111111111000000000000000000000000111111111111000000
0011111111100000000000000000000000000000000000000000000011111111101111111110000000000000000000000000011111111100000000000000011111111100000000000000000000000000000000111111111000000000000000000000000000000000001111111111000000000000000000000000011111111111100000
0001111111100000000000000000000000000000000000000000000111111111001111111111000000000000000000000000011111111100000000000000011111111100000000000000000000000000000000111111111000000000000000000000000000000000000111111110000000000000000000000000001111111111100000
0001111111100000000000000000000000000000000000000000000111111111000111111111000000000000000000000000011111111100000000000000011111111100000000000000000000000000000000111111111000000000000000000000000000000000000111111110000000000000000000000000000111111111100000
0011111111100000000000000000000000000000000000000000000111111111000111111111000000000000000000000000011111111100000000000000011111111100000000000000000000000000000000111111111000000000000000000000000000000000001111111110000000000000000000000000000011111111110000
0011111111100000000000000000000000000000000000000000001111111110000111111111100000000000000000000000011111111100000000000000011111111100000000000000000000000000000000111111111000000000000000000000000000000000001111111110000000000000000000000000000011111111110000
0011111111100000000000000000000000000000000000000000001111111110000011111111100000000000000000000000011111111100000000000000011111111100000000000000000000000000000000111111111000000000000000000000000000000000001111111110000000000000000000000000000001111111110000
0011111111100000000000000000000000000000000000000000011111111110000011111111100000000000000000000000011111111100000000000000011111111100000000000000000000000000000000111111111000000000000000000000000000000000001111111110000000000000000000000000000001111111111000
0011111111100000000000000000000000000000000000000000011111111100000011111111110000000000000000000000011111111100000000000000011111111100000000000000000000000000000000111111111000000000000000000000000000000000001111111110000000000000000000000000000001111111111000
0011111111100000000000000000000000000000000000000000011111111100000001111111110000000000000000000000011111111100000000000000011111111100000000000000000000000000000000111111111000000000000000000000000000000000001111111110000000000000000000000000000000111111111000
0011111111100000000000000000000000000000000000000000111111111000000001111111111000000000000000000000011111111100000000000000011111111100000000000000000000000000000000111111111000000000000000000000000000000000001111111110000000000000000000000000000000111111111000
0011111111100000000000000000000000000000000000000000111111111000000001111111111000000000000000000000011111111100000000000000011111111100000000000000000000000000000000111111111000000000000000000000000000000000001111111110000000000000000000000000000000111111111000
0001111111100000000000000000000000000000000000000000111111111000000000111111111000000000000000000000011111111100000000000000011111111100000000000000000000000000000000111111111000000000000000000000000000000000000111111111000000000000000000000000000000111111111100
0001111111111011111111111111111000000000000000000001111111110000000000111111111100000000000000000000011111111100000000000000011111111100000000000000000000000000000000111111111111111111111111111111000000000000000111111111000000000000000000000000000000111111111100
0001111111111111111111111111111100000000000000000001111111110000000000011111111100000000000000000000011111111100000000000000011111111100000000000000000000000000000000111111111111111111111111111111000000000000000111111110000000000000000000000000000000111111111100
0001111111111111111111111111111110000000000000000011111111110000000000011111111110000000000000000000011111111100000000000000011111111100000000000000000000000000000000111111111111111111111111111111000000000000000111111110000000000000000000000000000000111111111100
0001111111111111111111111111111110000000000000000011111111100000000000011111111110000000000000000000011111111100000000000000011111111100000000000000000000000000000000111111111111111111111111111111000000000000000111111110000000000000000000000000000000011111111100
0001111111111111111111111111111110000000000000000011111111100000000000001111111110000000000000000000011111111100000000000000011111111100000000000000000000000000000000111111111111111111111111111111000000000000000111111110000000000000000000000000000000011111111100
0001111111111111111111111111111110000000000000000111111111000000000000001111111111000000000000000000011111111100000000000000011111111100000000000000000000000000000000111111111111111111111111111111000000000000000111111110000000000000000000000000000000011111111100
0001111111111111111111111111111110000000000000000111111111000000000000001111111111000000000000000000011111111100000000000000011111111100000000000000000000000000000000111111111111111111111111111111000000000000000111111110000000000000000000000000000000011111111100
0001111111111111111111111111111110000000000000001111111111000000000000000111111111000000000000000000011111111100000000000000011111111100000000000000000000000000000000111111111111111111111111111111000000000000000111111110000000000000000000000000000000111111111100
0001111111111111111111111111111100000000000000001111111110000000000000000111111111100000000000000000011111111100000000000000011111111100000000000000000000000000000000111111111000000000000000000000000000000000000111111110000000000000000000000000000000111111111100
0001111111100000000000000000000000000000000000001111111110000000000000000011111111100000000000000000011111111100000000000000011111111100000000000000000000000000000000111111111000000000000000000000000000000000000111111110000000000000000000000000000000111111111000
0001111111100000000000000000000000000000000000011111111111111111111111111111111111110000000000000000011111111100000000000000011111111100000000000000000000000000000000111111111000000000000000000000000000000000000111111110000000000000000000000000000000111111111000
0001111111100000000000000000000000000000000000011111111111111111111111111111111111110000000000000000011111111100000000000000011111111100000000000000000000000000000000111111111000000000000000000000000000000000000111111110000000000000000000000000000000111111111000
0001111111100000000000000000000000000000000000011111111111111111111111111111111111110000000000000000011111111100000000000000011111111100000000000000000000000000000000111111111000000000000000000000000000000000000111111110000000000000000000000000000001111111111000
0001111111100000000000000000000000000000000000111111111111111111111111111111111111111000000000000000011111111100000000000000011111111100000000000000000000000000000000111111111000000000000000000000000000000000000111111110000000000000000000000000000001111111110000
0001111111100000000000000000000000000000000000111111111111111111111111111111111111111000000000000000011111111100000000000000011111111100000000000000000000000000000000111111111000000000000000000000000000000000000111111110000000000000000000000000000001111111110000
0001111111100000000000000000000000000000000001111111111111111111111111111111111111111100000000000000011111111100000000000000011111111100000000000000000000000000000000111111111000000000000000000000000000000000000111111110000000000000000000000000000011111111110000
0001111111100000000000000000000000000000000001111111111111111111111111111111111111111100000000000000011111111100000000000000011111111100000000000000000000000000000000111111111000000000000000000000000000000000000111111110000000000000000000000000000011111111100000
0001111111100000000000000000000000000000000001111111111111111111111111111111111111111100000000000000011111111100000000000000011111111100000000000000000000000000000000111111111000000000000000000000000000000000000111111110000000000000000000000000000111111111100000
0001111111100000000000000000000000000000000011111111110000000000000000000000011111111110000000000000011111111100000000000000011111111100000000000000000000000000000000111111111000000000000000000000000000000000000111111110000000000000000000000000001111111111000000
0001111111100000000000000000000000000000000011111111100000000000000000000000001111111110000000000000011111111100000000000000011111111100000000000000000000000000000000111111111000000000000000000000000000000000000111111110000000000000000000000000001111111111000000
0001111111100000000000000000000000000000000011111111100000000000000000000000001111111110000000000000011111111100000000000000011111111100000000000000000000000000000000111111111000000000000000000000000000000000000111111110000000000000000000000000011111111110000000
0001111111100000000000000000000000000000000111111111000000000000000000000000001111111111000000000000011111111100000000000000011111111100000000000000000000000000000000111111111000000000000000000000000000000000000111111110000000000000000000000000111111111110000000
0001111111100000000000000000000000000000000111111111000000000000000000000000001111111111000000000000011111111100000000000000011111111100000000000000000000000000000000111111111000000000000000000000000000000000000111111110000000000000000000000011111111111100000000
0001111111100000000000000000000000000000001111111111000000000000000000000000000111111111100000000000011111111100000000000000011111111100000000000000000000000000000000111111111000000000000000000000000000000000000111111110000000000000000000000111111111111000000000
0001111111100000000000000000000000000000001111111110000000000000000000000000000111111111100000000000011111111100000000000000011111111100000000000000000000000000000000111111111000000000000000000000000000000000000111111110000000000000000000011111111111110000000000
0001111111100000000000000000000000000000011111111110000000000000000000000000000011111111100000000000011111111100000000000000011111111100000000000000000000000000000000111111111000000000000000000000000000000000000111111110000000000000000011111111111111100000000000
0001111111100000000000000000000000000000011111111110000000000000000000000000000011111111110000000000011111111100000000000000011111111100000000000000000000000000000000111111111000000000000000000000000000000000000111111111000000000001111111111111111111000000000000
0001111111100000000000000000000000000000011111111100000000000000000000000000000011111111110000001111111111111111111000000000011111111111111111111111111111111000000000111111111111111111111111111111111000000000000111111111111111111111111111111111111110000000000000
0001111111100000000000000000000000000000011111111100000000000000000000000000000001111111110000011111111111111111111000000000011111111111111111111111111111111000000000111111111111111111111111111111111000000000000111111111111111111111111111111111111100000000000000
0001111111100000000000000000000000000000111111111100000000000000000000000000000001111111111000011111111111111111111000000000011111111111111111111111111111111000000000111111111111111111111111111111111000000000000111111111111111111111111111111111111000000000000000
0001111111100000000000000000000000000000111111111000000000000000000000000000000001111111111000011111111111111111111000000000011111111111111111111111111111111000000000111111111111111111111111111111111000000000000111111111111111111111111111111111100000000000000000
0001111111100000000000000000000000000001111111111000000000000000000000000000000000111111111100011111111111111111111000000000011111111111111111111111111111111000000000111111111111111111111111111111111000000000000111111111111111111111111111111110000000000000000000
0001111111100000000000000000000000000001111111111000000000000000000000000000000000111111111100011111111111111111111000000000011111111111111111111111111111111000000000111111111111111111111111111111111000000000000111111111111111111111111111111000000000000000000000
0001111111100000000000000000000000000001111111110000000000000000000000000000000000011111111100011111111111111111111000000000011111111111111111111111111111111000000000111111111111111111111111111111111000000000000111111111111111111111111111000000000000000000000000
0001111111100000000000000000000000000001111111110000000000000000000000000000000000011111111100011111111111111111111000000000011111111111111111111111111111111000000000011111111111111111111111111111111000000000000111111111111111111111100000000000000000000000000000
0000000000000000000000000000000000000000000000000000000000000000000000000000000000000000000000000000000000000000000000000000000000000000000000000000000000000000000000000000000000000000000000000000000000000000000000000000000000000000000000000000000000000000000000