000000000000000000000000000000000000000000000000000000000000000000000000000000000000000000000000000000000000000000000000000000000000000000000000000000000000000000000111100000000000000000000000000000000000000000000000000000000000000000000011111100000000000000000
001111111000000000000000001111111000000000000111111111111111111111111000000011111110000000000000000000011111110000000000000111111111111111111100000000000000000000001111110000000000000000000111111000000000000000011111110000000000000000000011111100000000000000000
001111111000000000000000001111111000000000000111111111111111111111110000000011111111000000000000000000011111110000000000000111111111111111111100000000000000000000011111110000000000000000001111111000000000000000011111110000000000000000000011111100000000000000000
001111110000000000000000001111111000000000000111111111111111111111111000000001111111000000000000000000011111110000000000000111111111111111111100000000000000000000011111111000000000000000001111111000000000000000011111110000000000000000000111111110000000000000000
001111110000000000000000001111111000000000000111111111111111111111110000000001111111100000000000000000111111100000000000000111111111111111111100000000000000000000011111111000000000000000001111111000000000000000011111110000000000000000000111111110000000000000000
001111110000000000000000001111111000000000000011111111111111111111111000000000111111100000000000000000111111100000000000001111111111111111111100000000000000000000111111111100000000000000001111111000000000000000011111110000000000000000001111111111000000000000000
001111110000000000000000001111111000000000000111111111111111111111110000000000111111110000000000000001111111000000000000001111111111111111111100000000000000000000111111111100000000000000001111111000000000000000011111110000000000000000001111111111000000000000000
001111110000000000000000001111111000000000000111111100000000000000000000000000011111110000000000000001111111000000000000001111111000000111111100000000000000000000111111111100000000000000001111111000000000000000011111110000000000000000001111111111000000000000000
001111110000000000000000001111111000000000000111111100000000000000000000000000011111111000000000000011111111000000000000001111111000000111111100000000000000000001111111111110000000000000001111111000000000000000011111110000000000000000011111111111100000000000000
001111110000000000000000001111111000000000000111111100000000000000000000000000001111111000000000000011111110000000000000001111111000000111111100000000000000000001111111111110000000000000001111111000000000000000011111110000000000000000011111111111100000000000000
001111110000000000000000001111111000000000000111111100000000000000000000000000001111111100000000000111111100000000000000001111110000000111111100000000000000000001111111111110000000000000001111111000000000000000011111110000000000000000011111111111110000000000000
001111111000000000000000001111111000000000000111111100000000000000000000000000000111111100000000000111111100000000000000001111110000000111111100000000000000000011111101111111000000000000001111111000000000000000011111110000000000000000111111111111110000000000000
001111111000000000000000001111111000000000000111111100000000000000000000000000000111111110000000000111111100000000000000011111110000000111111100000000000000000011111100111111000000000000001111111000000000000000011111110000000000000000111111001111110000000000000
001111111000000000000000001111111000000000000111111100000000000000000000000000000011111110000000001111111000000000000000011111110000000111111100000000000000000111111100111111100000000000001111111000000000000000011111110000000000000001111111001111111000000000000
001111111000000000000000001111111000000000000111111100000000000000000000000000000011111111000000001111111000000000000000011111100000000111111100000000000000000111111100111111100000000000001111111000000000000000011111110000000000000001111111001111111000000000000
001111111000000000000000001111111000000000000111111100000000000000000000000000000001111111000000011111110000000000000000011111100000000111111100000000000000001111111000011111100000000000001111111000000000000000011111110000000000000001111110000111111000000000000
001111111000000000000000001111111000000000000111111100000000000000000000000000000001111111100000011111110000000000000000111111100000000111111100000000000000001111111000011111110000000000001111111000000000000000011111110000000000000011111110000111111100000000000
001111111111111111111111111111111000000000000111111111111111111111110000000000000000111111110000111111110000000000000000111111100000000111111100000000000000001111110000011111110000000000001111111000000000000000011111110000000000000011111110000111111100000000000
001111111111111111111111111111111000000000000111111111111111111111110000000000000000111111110000111111100000000000000000111111100000000111111100000000000000011111110000001111111000000000001111111000000000000000011111110000000000000011111100000011111100000000000
001111111111111111111111111111111000000000000111111111111111111111110000000000000000011111111000111111100000000000000001111111000000000111111100000000000000011111110000001111111000000000000111111100000000000000011111110000000000000111111100000011111110000000000
001111111111111111111111111111111000000000000111111111111111111111110000000000000000011111111001111111000000000000000001111111000000000111111100000000000000011111110000001111111000000000000111111110000000000111111111110000000000001111111000000001111111000000000
001111111111111111111111111111111000000000000111111111111111111111110000000000000000001111111001111111000000000000000001111111000000000111111100000000000000111111100000000111111100000000000111111111111111111111111111110000000000001111111000000001111111000000000
001111111111111111111111111111111000000000000111111111111111111111100000000000000000000111111111111110000000000000000011111110000000000111111100000000000000111111111011101111111100000000000011111111111111111111111111110000000000001111111111111111111111000000000
001111111000000000000000001111111000000000000111111100000000000000000000000000000000000111111111111110000000000000000011111110000000000111111100000000000001111111111111111111111110000000000011111111111111111111111111110000000000011111111111111111111111100000000
001111111000000000000000001111111000000000000111111100000000000000000000000000000000000111111111111100000000000000000011111110000000000111111100000000000001111111111111111111111110000000000001111111111111111111111111110000000000011111111111111111111111100000000
001111111000000000000000001111111000000000000111111100000000000000000000000000000000000011111111111100000000000000000111111100000000000111111100000000000011111111111111111111111111000000000000111111111111111111111111110000000000011111111111111111111111100000000
001111111000000000000000001111111000000000000111111100000000000000000000000000000000000011111111111000000000000000000111111100000000000111111100000000000011111111111111111111111111000000000000001111111111111100011111110000000000111111111111111111111111110000000
001111111000000000000000001111111000000000000111111100000000000000000000000000000000000001111111111000000000000000000111111000000000000111111100000000000011111111111111111111111111000000000000000000000000000000011111110000000000111111111111111111111111110000000
001111111000000000000000001111111000000000000111111100000000000000000000000000000000000001111111111000000000000000001111111000000000000111111100000000000111111111111111111111111111100000000000000000000000000000011111110000000001111111111111111111111111111000000
001111110000000000000000001111111000000000000111111100000000000000000000000000000000000000111111110000000000000000001111111000000000000111111100000000000111111100000000000000111111100000000000000000000000000000011111110000000001111111000000000000001111111000000
001111110000000000000000001111111000000000000111111100000000000000000000000000000000000000111111110000000000000000011111110000000000000111111100000000000111111000000000000000011111100000000000000000000000000000011111110000000011111110000000000000001111111100000
001111110000000000000000001111111000000000000111111100000000000000000000000000000000000001111111100000000000000000011111110000000000000111111100000000001111111000000000000000011111110000000000000000000000000000011111110000000011111110000000000000000111111100000
001111110000000000000000001111111000000000000111111100000000000000000000000000000000000001111111100000000000000000111111110000000000000111111100000000001111111000000000000000011111110000000000000000000000000000011111110000000011111110000000000000000111111100000
001111110000000000000000001111111000000000000011111100000000000000000000000000000000000111111111000000000000000000111111100000000000000111111100000000011111110000000000000000001111111000000000000000000000000000011111110000000111111100000000000000000011111110000
001111110000000000000000001111111000000000000011111101100000011011000000000000111000000111111111000000000000000011111111101100000000001111111101000000011111110000000000000000001111111000000000000000000000000000011111110000000111111100000000000000000011111110000
001111110000000000000000001111111000000000000011111111111111111111110000000000111111111111111110000000000000001111111111111111111111111111111111110000111111100000000000000000001111111000000000000000000000000000011111110000000111111100000000000000000011111110000
001111111000000000000000001111111000000000000111111111111111111111111000000000111111111111111100000000000000001111111111111111111111111111111111110000111111100000000000000000000111111100000000000000000000000000011111110000001111111000000000000000000001111111000
001111111000000000000000001111111000000000000011111111111111111111111000000000111111111111111000000000000000001111111111111111111111111111111111111000111111100000000000000000000111111100000000000000000000000000011111110000001111111000000000000000000001111111000
001111111000000000000000001111111000000000000111111111111111111111111000000000111111111111110000000000000000001111111111111111111111111111111111111000111111000000000000000000000111111110000000000000000000000000011111110000001111110000000000000000000000111111100
001111111000000000000000001111111000000000000111111111111111111111111000000000111111111111100000000000000000001111111111111111111111111111111111111001111111000000000000000000000011111110000000000000000000000000011111110000001111110000000000000000000000111111100
001111110000000000000000000111110000000000000011111111111111111111110000000000011111111110000000000000000000001111111111111111111111111111111111111000111111000000000000000000000011111100000000000000000000000000001111100000001111100000000000000000000000111111000
000000000000000000000000000000000000000000000000000000000000000000000000000000000000000000000000000000000000001111110000000000000000000000001111111000000000000000000000000000000000000000000000000000000000000000000000000000000000000000000000000000000000000000000
000000000000000000000000000000000000000000000000000000000000000000000000000000000000000000000000000000000000001111110000000000000000000000001111111000000000000000000000000000000000000000000000000000000000000000000000000000000000000000000000000000000000000000000
000000000000000000000000000000000000000000000000000000000000000000000000000000000000000000000000000000000000001111110000000000000000000000001111111000000000000000000000000000000000000000000000000000000000000000000000000000000000000000000000000000000000000000000
000000000000000000000000000000000000000000000000000000000000000000000000000000000000000000000000000000000000001111110000000000000000000000001111111000000000000000000000000000000000000000000000000000000000000000000000000000000000000000000000000000000000000000000
000000000000000000000000000000000000000000000000000000000000000000000000000000000000000000000000000000000000001111110000000000000000000000001111110000000000000000000000000000000000000000000000000000000000000000000000000000000000000000000000000000000000000000000
000000000000000000000000000000000000000000000000000000000000000000000000000000000000000000000000000000000000001111110000000000000000000000001111111000000000000000000000000000000000000000000000000000000000000000000000000000000000000000000000000000000000000000000
000000000000000000000000000000000000000000000000000000000000000000000000000000000000000000000000000000000000001111110000000000000000000000001111111000000000000000000000000000000000000000000000000000000000000000000000000000000000000000000000000000000000000000000
000000000000000000000000000000000000000000000000000000000000000000000000000000000000000000000000000000000000001111110000000000000000000000001111111000000000000000000000000000000000000000000000000000000000000000000000000000000000000000000000000000000000000000000
000000000000000000000000000000000000000000000000000000000000000000000000000000000000000000000000000000000000001111110000000000000000000000001111110000000000000000000000000000000000000000000000000000000000000000000000000000000000000000000000000000000000000000000
000000000000000000000000000000000000000000000000000000000000000000000000000000000000000000000000000000000000000111100000000000000000000000000101010000000000000000000000000000000000000000000000000000000000000000000000000000000000000000000000000000000000000000000
000000000000000000000000000000000000000000000000000000000000000000000000000000000000000000000000000000000000000000000000000000000000000000000000000000000000000000000000000000000000000000000000000000000000000000000000000000000000000000000000000000000000000000000