00000000000000000000000000000000000000000000000000000000000000000000000000000000000000000000000000000000000000000000000000000000000000000000000000000000000000000000000000000000000000000000000000000000000000000000000000000000000000000000000000000000000000000000000000000000000000000000000000
00000000000000000000000000000000000000000000000000000000000000000000000000000000000000000000000000000000000000000000000000000000000000000000000000000000000000000000000000000000000000000000000000000000000000000000000000000000000000000000000000000000000000000000000000000000000000000000000000
00000000000000000000000000000000000000000000000000000000000000000000000000000000000000000000000000000000000000000000000000000000000000000000000000000000000000000000000000000000000000000000000000000000000000000000000000000000000000000000000000000000000000000000000000000000000000000000000000
00000000000000000000000000000000000000000000000000000000000000000000000000000000000000000000000000000000000000000000000000000000000000000000000000000000000000000000000000000000000000000000000000000000000000000000000000000000000000000000000000000000000000000000000000000000000000000000000000
00000000000000000000000000000000000000000000000000000000000000000000000000000000000000000000000000000000000000000000000000000000000000000000000000000000000000000000000000000000000000000000000000000000000000000000000000000000000000000000000000000000000000000000000000000000000000000000000000
00000000000000000000000000000000000000000000000000000000000000000000000000000000000000000000000000000000000000000000000000000000000000000000000000000000000000000000000000000000000000001111000000000000000000000000000000000000000000000000000000000000000000000111111000000000000000000000000000
00000000000000000000011111110000000000000000011111110000000000001111111111111111111111110000000111111100000000000000000000111111100000000000001111111111111111111000000000000000000000011111100000000000000000001111110000000000000000111111100000000000000000000111111000000000000000000000000000
00000000000000000000011111110000000000000000011111110000000000001111111111111111111111100000000111111110000000000000000000111111100000000000001111111111111111111000000000000000000000111111100000000000000000011111110000000000000000111111100000000000000000000111111000000000000000000000000000
00000000000000000000011111100000000000000000011111110000000000001111111111111111111111110000000011111110000000000000000000111111100000000000001111111111111111111000000000000000000000111111110000000000000000011111110000000000000000111111100000000000000000001111111100000000000000000000000000
00000000000000000000011111100000000000000000011111110000000000001111111111111111111111100000000011111111000000000000000001111111000000000000001111111111111111111000000000000000000000111111110000000000000000011111110000000000000000111111100000000000000000001111111100000000000000000000000000
00000000000000000000011111100000000000000000011111110000000000000111111111111111111111110000000001111111000000000000000001111111000000000000011111111111111111111000000000000000000001111111111000000000000000011111110000000000000000111111100000000000000000011111111110000000000000000000000000
00000000000000000000011111100000000000000000011111110000000000001111111111111111111111100000000001111111100000000000000011111110000000000000011111111111111111111000000000000000000001111111111000000000000000011111110000000000000000111111100000000000000000011111111110000000000000000000000000
00000000000000000000011111100000000000000000011111110000000000001111111000000000000000000000000000111111100000000000000011111110000000000000011111110000001111111000000000000000000001111111111000000000000000011111110000000000000000111111100000000000000000011111111110000000000000000000000000
00000000000000000000011111100000000000000000011111110000000000001111111000000000000000000000000000111111110000000000000111111110000000000000011111110000001111111000000000000000000011111111111100000000000000011111110000000000000000111111100000000000000000111111111111000000000000000000000000
00000000000000000000011111100000000000000000011111110000000000001111111000000000000000000000000000011111110000000000000111111100000000000000011111110000001111111000000000000000000011111111111100000000000000011111110000000000000000111111100000000000000000111111111111000000000000000000000000
00000000000000000000011111100000000000000000011111110000000000001111111000000000000000000000000000011111111000000000001111111000000000000000011111100000001111111000000000000000000011111111111100000000000000011111110000000000000000111111100000000000000000111111111111100000000000000000000000
00000000000000000000011111110000000000000000011111110000000000001111111000000000000000000000000000001111111000000000001111111000000000000000011111100000001111111000000000000000000111111011111110000000000000011111110000000000000000111111100000000000000001111111111111100000000000000000000000
00000000000000000000011111110000000000000000011111110000000000001111111000000000000000000000000000001111111100000000001111111000000000000000111111100000001111111000000000000000000111111001111110000000000000011111110000000000000000111111100000000000000001111110011111100000000000000000000000
00000000000000000000011111110000000000000000011111110000000000001111111000000000000000000000000000000111111100000000011111110000000000000000111111100000001111111000000000000000001111111001111111000000000000011111110000000000000000111111100000000000000011111110011111110000000000000000000000
00000000000000000000011111110000000000000000011111110000000000001111111000000000000000000000000000000111111110000000011111110000000000000000111111000000001111111000000000000000001111111001111111000000000000011111110000000000000000111111100000000000000011111110011111110000000000000000000000
00000000000000000000011111110000000000000000011111110000000000001111111000000000000000000000000000000011111110000000111111100000000000000000111111000000001111111000000000000000011111110000111111000000000000011111110000000000000000111111100000000000000011111100001111110000000000000000000000
00000000000000000000011111110000000000000000011111110000000000001111111000000000000000000000000000000011111111000000111111100000000000000001111111000000001111111000000000000000011111110000111111100000000000011111110000000000000000111111100000000000000111111100001111111000000000000000000000
00000000000000000000011111111111111111111111111111110000000000001111111111111111111111100000000000000001111111100001111111100000000000000001111111000000001111111000000000000000011111100000111111100000000000011111110000000000000000111111100000000000000111111100001111111000000000000000000000
00000000000000000000011111111111111111111111111111110000000000001111111111111111111111100000000000000001111111100001111111000000000000000001111111000000001111111000000000000000111111100000011111110000000000011111110000000000000000111111100000000000000111111000000111111000000000000000000000
00000000000000000000011111111111111111111111111111110000000000001111111111111111111111100000000000000000111111110001111111000000000000000011111110000000001111111000000000000000111111100000011111110000000000001111111000000000000000111111100000000000001111111000000111111100000000000000000000
00000000000000000000011111111111111111111111111111110000000000001111111111111111111111100000000000000000111111110011111110000000000000000011111110000000001111111000000000000000111111100000011111110000000000001111111100000000001111111111100000000000011111110000000011111110000000000000000000
00000000000000000000011111111111111111111111111111110000000000001111111111111111111111100000000000000000011111110011111110000000000000000011111110000000001111111000000000000001111111000000001111111000000000001111111111111111111111111111100000000000011111110000000011111110000000000000000000
00000000000000000000011111111111111111111111111111110000000000001111111111111111111111000000000000000000001111111111111100000000000000000111111100000000001111111000000000000001111111110111011111111000000000000111111111111111111111111111100000000000011111111111111111111110000000000000000000
00000000000000000000011111110000000000000000011111110000000000001111111000000000000000000000000000000000001111111111111100000000000000000111111100000000001111111000000000000011111111111111111111111100000000000111111111111111111111111111100000000000111111111111111111111111000000000000000000
00000000000000000000011111110000000000000000011111110000000000001111111000000000000000000000000000000000001111111111111000000000000000000111111100000000001111111000000000000011111111111111111111111100000000000011111111111111111111111111100000000000111111111111111111111111000000000000000000
00000000000000000000011111110000000000000000011111110000000000001111111000000000000000000000000000000000000111111111111000000000000000001111111000000000001111111000000000000111111111111111111111111110000000000001111111111111111111111111100000000000111111111111111111111111000000000000000000
00000000000000000000011111110000000000000000011111110000000000001111111000000000000000000000000000000000000111111111110000000000000000001111111000000000001111111000000000000111111111111111111111111110000000000000011111111111111000111111100000000001111111111111111111111111100000000000000000
00000000000000000000011111110000000000000000011111110000000000001111111000000000000000000000000000000000000011111111110000000000000000001111110000000000001111111000000000000111111111111111111111111110000000000000000000000000000000111111100000000001111111111111111111111111100000000000000000
00000000000000000000011111110000000000000000011111110000000000001111111000000000000000000000000000000000000011111111110000000000000000011111110000000000001111111000000000001111111111111111111111111111000000000000000000000000000000111111100000000011111111111111111111111111110000000000000000
00000000000000000000011111100000000000000000011111110000000000001111111000000000000000000000000000000000000001111111100000000000000000011111110000000000001111111000000000001111111000000000000001111111000000000000000000000000000000111111100000000011111110000000000000011111110000000000000000
00000000000000000000011111100000000000000000011111110000000000001111111000000000000000000000000000000000000001111111100000000000000000111111100000000000001111111000000000001111110000000000000000111111000000000000000000000000000000111111100000000111111100000000000000011111111000000000000000
00000000000000000000011111100000000000000000011111110000000000001111111000000000000000000000000000000000000011111111000000000000000000111111100000000000001111111000000000011111110000000000000000111111100000000000000000000000000000111111100000000111111100000000000000001111111000000000000000
00000000000000000000011111100000000000000000011111110000000000001111111000000000000000000000000000000000000011111111000000000000000001111111100000000000001111111000000000011111110000000000000000111111100000000000000000000000000000111111100000000111111100000000000000001111111000000000000000
00000000000000000000011111100000000000000000011111110000000000000111111000000000000000000000000000000000001111111110000000000000000001111111000000000000001111111000000000111111100000000000000000011111110000000000000000000000000000111111100000001111111000000000000000000111111100000000000000
00000000000000000000011111100000000000000000011111110000000000000111111011000000110110000000000001110000001111111110000000000000000111111111011000000000011111111010000000111111100000000000000000011111110000000000000000000000000000111111100000001111111000000000000000000111111100000000000000
00000000000000000000011111100000000000000000011111110000000000000111111111111111111111100000000001111111111111111100000000000000011111111111111111111111111111111111100001111111000000000000000000011111110000000000000000000000000000111111100000001111111000000000000000000111111100000000000000
00000000000000000000011111110000000000000000011111110000000000001111111111111111111111110000000001111111111111111000000000000000011111111111111111111111111111111111100001111111000000000000000000001111111000000000000000000000000000111111100000011111110000000000000000000011111110000000000000
00000000000000000000011111110000000000000000011111110000000000000111111111111111111111110000000001111111111111110000000000000000011111111111111111111111111111111111110001111111000000000000000000001111111000000000000000000000000000111111100000011111110000000000000000000011111110000000000000
00000000000000000000011111110000000000000000011111110000000000001111111111111111111111110000000001111111111111100000000000000000011111111111111111111111111111111111110001111110000000000000000000001111111100000000000000000000000000111111100000011111100000000000000000000001111111000000000000
00000000000000000000011111110000000000000000011111110000000000001111111111111111111111110000000001111111111111000000000000000000011111111111111111111111111111111111110011111110000000000000000000000111111100000000000000000000000000111111100000011111100000000000000000000001111111000000000000
00000000000000000000011111100000000000000000001111100000000000000111111111111111111111100000000000111111111100000000000000000000011111111111111111111111111111111111110001111110000000000000000000000111111000000000000000000000000000011111000000011111000000000000000000000001111110000000000000
00000000000000000000000000000000000000000000000000000000000000000000000000000000000000000000000000000000000000000000000000000000011111100000000000000000000000011111110000000000000000000000000000000000000000000000000000000000000000000000000000000000000000000000000000000000000000000000000000
00000000000000000000000000000000000000000000000000000000000000000000000000000000000000000000000000000000000000000000000000000000011111100000000000000000000000011111110000000000000000000000000000000000000000000000000000000000000000000000000000000000000000000000000000000000000000000000000000
00000000000000000000000000000000000000000000000000000000000000000000000000000000000000000000000000000000000000000000000000000000011111100000000000000000000000011111110000000000000000000000000000000000000000000000000000000000000000000000000000000000000000000000000000000000000000000000000000
00000000000000000000000000000000000000000000000000000000000000000000000000000000000000000000000000000000000000000000000000000000011111100000000000000000000000011111110000000000000000000000000000000000000000000000000000000000000000000000000000000000000000000000000000000000000000000000000000
00000000000000000000000000000000000000000000000000000000000000000000000000000000000000000000000000000000000000000000000000000000011111100000000000000000000000011111100000000000000000000000000000000000000000000000000000000000000000000000000000000000000000000000000000000000000000000000000000
00000000000000000000000000000000000000000000000000000000000000000000000000000000000000000000000000000000000000000000000000000000011111100000000000000000000000011111110000000000000000000000000000000000000000000000000000000000000000000000000000000000000000000000000000000000000000000000000000
00000000000000000000000000000000000000000000000000000000000000000000000000000000000000000000000000000000000000000000000000000000011111100000000000000000000000011111110000000000000000000000000000000000000000000000000000000000000000000000000000000000000000000000000000000000000000000000000000
00000000000000000000000000000000000000000000000000000000000000000000000000000000000000000000000000000000000000000000000000000000011111100000000000000000000000011111110000000000000000000000000000000000000000000000000000000000000000000000000000000000000000000000000000000000000000000000000000
00000000000000000000000000000000000000000000000000000000000000000000000000000000000000000000000000000000000000000000000000000000011111100000000000000000000000011111100000000000000000000000000000000000000000000000000000000000000000000000000000000000000000000000000000000000000000000000000000
00000000000000000000000000000000000000000000000000000000000000000000000000000000000000000000000000000000000000000000000000000000001111000000000000000000000000001010100000000000000000000000000000000000000000000000000000000000000000000000000000000000000000000000000000000000000000000000000000
00000000000000000000000000000000000000000000000000000000000000000000000000000000000000000000000000000000000000000000000000000000000000000000000000000000000000000000000000000000000000000000000000000000000000000000000000000000000000000000000000000000000000000000000000000000000000000000000000
00000000000000000000000000000000000000000000000000000000000000000000000000000000000000000000000000000000000000000000000000000000000000000000000000000000000000000000000000000000000000000000000000000000000000000000000000000000000000000000000000000000000000000000000000000000000000000000000000
00000000000000000000000000000000000000000000000000000000000000000000000000000000000000000000000000000000000000000000000000000000000000000000000000000000000000000000000000000000000000000000000000000000000000000000000000000000000000000000000000000000000000000000000000000000000000000000000000
00000000000000000000000000000000000000000000000000000000000000000000000000000000000000000000000000000000000000000000000000000000000000000000000000000000000000000000000000000000000000000000000000000000000000000000000000000000000000000000000000000000000000000000000000000000000000000000000000
00000000000000000000000000000000000000000000000000000000000000000000000000000000000000000000000000000000000000000000000000000000000000000000000000000000000000000000000000000000000000000000000000000000000000000000000000000000000000000000000000000000000000000000000000000000000000000000000000
00000000000000000000000000000000000000000000000000000000000000000000000000000000000000000000000000000000000000000000000000000000000000000000000000000000000000000000000000000000000000000000000000000000000000000000000000000000000000000000000000000000000000000000000000000000000000000000000000
00000000000000000000000000000000000000000000000000000000000000000000000000000000000000000000000000000000000000000000000000000000000000000000000000000000000000000000000000000000000000000000000000000000000000000000000000000000000000000000000000000000000000000000000000000000000000000000000000
00000000000000000000000000000000000000000000000000000000000000000000000000000000000000000000000000000000000000000000000000000000000000000000000000000000000000000000000000000000000000000000000000000000000000000000000000000000000000000000000000000000000000000000000000000000000000000000000000
00000000000000000000000000000000000000000000000000000000000000000000000000000000000000000000000000000000000000000000000000000000000000000000000000000000000000000000000000000000000000000000000000000000000000000000000000000000000000000000000000000000000000000000000000000000000000000000000000
00000000000000000000000000000000000000000000000000000000000000000000000000000000000000000000000000000000000000000000000000000000000000000000000000000000000000000000000000000000000000000000000000000000000000000000000000000000000000000000000000000000000000000000000000000000000000000000000000
00000000000000000000000000000000000000000000000000000000000000000000000000000000000000000000000000000000000000000000000000000000000000000000000000000000000000000000000000000000000000000000000000000000000000000000000000000000000000000000000000000000000000000000000000000000000000000000000000
00000000000000000000000000000000000000000000000000000000000000000000000000000000000000000000000000000000000000000000000000000000000000000000000000000000000000000000000000000000000000000000000000000000000000000000000000000000000000000000000000000000000000000000000000000000000000000000000000
00000000000000000000000000000000000000000000000000000000000000000000000000000000000000000000000000000000000000000000000000000000000000000000000000000000000000000000000000000000000000000000000000000000000000000000000000000000000000000000000000000000000000000000000000000000000000000000000000
00000000000000000000000000000000000000000000000000000000000000000000000000000000000000000000000000000000000000000000000000000000000000000000000000000000000000000000000000000000000000000000000000000000000000000000000000000000000000000000000000000000000000000000000000000000000000000000000000
00000000000000000000000000000000000000000000000000000000000000000000000000000000000000000000000000000000000000000000000000000000000000000000000000000000000000000000000000000000000000000000000000000000000000000000000000000000000000000000000000000000000000000000000000000000000000000000000000
00000000000000000000000000000000000000000000000000000000000000000000000000000000000000000000000000000000000000000000000000000000000000000000000000000000000000000000000000000000000000000000000000000000000000000000000000000000000000000000000000000000000000000000000000000000000000000000000000
00000000000000000000000000000000000000000000000000000000000000000000000000000000000000000000000000000000000000000000000000000000000000000000000000000000000000000000000000000000000000000000000000000000000000000000000000000000000000000000000000000000000000000000000000000000000000000000000000
00000000000000000000000000000000000000000000000000000000000000000000000000000000000000000000000000000000000000000000000000000000000000000000000000000000000000000000000000000000000000000000000000000000000000000000000000000000000000000000000000000000000000000000000000000000000000000000000000
00000000000000000000000000000000000000000000000000000000000000000000000000000000000000000000000000000000000000000000000000000000000000000000000000000000000000000000000000000000000000000000000000000000000000000000000000000000000000000000000000000000000000000000000000000000000000000000000000
00000000000000000000000000000000000000000000000000000000000000000000000000000000000000000000000000000000000000000000000000000000000000000000000000000000000000000000000000000000000000000000000000000000000000000000000000000000000000000000000000000000000000000000000000000000000000000000000000
00000000000000000000000000000000000000000000000000000000000000000000000000000000000000000000000000000000000000000000000000000000000000000000000000000000000000000000000000000000000000000000000000000000000000000000000000000000000000000000000000000000000000000000000000000000000000000000000000
00000000000000000000000000000000000000000000000000000000000000000000000000000000000000000000000000000000000000000000000000000000000000000000000000000000000000000000000000000000000000000000000000000000000000000000000000000000000000000000000000000000000000000000000000000000000000000000000000
00000000000000000000000000000000000000000000000000000000000000000000000000000000000000000000000000000000000000000000000000000000000000000000000000000000000000000000000000000000000000000000000000000000000000000000000000000000000000000000000000000000000000000000000000000000000000000000000000
00000000000000000000000000000000000000000000000000000000000000000000000000000000000000000000000000000000000000000000000000000000000000000000000000000000000000000000000000000000000000000000000000000000000000000000000000000000000000000000000000000000000000000000000000000000000000000000000000
