000000000000000000000000000000000000000000000000000000000000000000000000000000000000000000000000000000000000000000000000000000000000000000000000000000000000000000000000000000000000000000000000000000000000000000000000000000000000000000000000000000000000000000000000000000000000000000000000000000000000000000000000000000000000000000000000000000000
000000000000000000001111111100000000000000000000000000000000000000000000000000000000000000000000000000000000000000000000000000000000001111111000000000000000000000000000000000000000000000001111111000000000000000000000000000000000000000000000000000000000000000000000000000000000011111111000000000000000000000000000000000000000111111100000000000000
000000000000000111111111111111111100000000000000000011111000000000000000000000000000000001111100000000000000000000000000000000000111111111111111111100000000000000000000000000000000001111111111111111111000000000000000000011111111111111111111111111110000000000000000000000001111111111111111111000000000000000000000000000011111111111111111110000000
000000000000111111111111111111111111100000000000000111111110000000000000000000000000000111111111000000000000000000000000000001111111111111111111111111100000000000000000000000000001111111111111111111111111100000000000001111111111111111111111111111111000000000000000000001111111111111111111111111000000000000000000000011111111111111111111111100000
000000000011111111111111111111111111100000000000001111111110000000000000000000000000000111111111000000000000000000000000000111111111111111111111111111110000000000000000000000000111111111111111111111111111110000000000001111111111111111111111111111111100000000000000000011111111111111111111111111000000000000000000001111111111111111111111111110000
000000000111111111111111111111111111100000000000001111111110000000000000000000000000000111111111000000000000000000000000011111111111111111111111111111110000000000000000000000011111111111111111111111111111110000000000001111111111111111111111111111111100000000000000001111111111111111111111111111000000000000000000011111111111111111111111111110000
000000011111111111111111111111111111100000000000001111111110000000000000000000000000000111111111000000000000000000000000111111111111111111111111111111110000000000000000000000111111111111111111111111111111110000000000001111111111111111111111111111111100000000000000011111111111111111111111111111000000000000000001111111111111111111111111111110000
000000111111111111111111111111111111100000000000001111111110000000000000000000000000000111111111000000000000000000000001111111111111111111111111111111110000000000000000000001111111111111111111111111111111110000000000001111111111111111111111111111111000000000000000111111111111111111111111111111000000000000000011111111111111111111111111111110000
000001111111111111111111111111111111100000000000001111111110000000000000000000000000000111111111000000000000000000000111111111111111111111111111111111110000000000000000000111111111111111111111111111111111110000000000001111111111111111111111111111111100000000000001111111111111111111111111111111000000000000000111111111111111111111111111111110000
000001111111111111110000011111111111100000000000001111111110000000000000000000000000000111111111000000000000000000001111111111111111110000000111111111110000000000000000001111111111111111110000000111111111110000000000001111111111111111111111111111111000000000000011111111111111110000011111111111000000000000001111111111111111000001111111111110000
000011111111111100000000000000011111100000000000001111111110000000000000000000000000000111111111000000000000000000011111111111111100000000000000011111110000000000000000011111111111111000000000000000011111110000000000001111111110000000000000000000000000000000000011111111111100000000000000111111000000000000001111111111110000000000000011111110000
000011111111110000000000000000000111100000000000001111111110000000000000000000000000000111111111000000000000000000111111111111100000000000000000000011110000000000000000111111111111100000000000000000000011110000000000001111111100000000000000000000000000000000000111111111110000000000000000001111000000000000011111111111000000000000000000011110000
000111111111100000000000000000000001000000000000001111111110000000000000000000000000000111111111000000000000000000111111111111000000000000000000000000000000000000000001111111111111000000000000000000000000000000000000001111111110000000000000000000000000000000000111111111100000000000000000000010000000000000011111111110000000000000000000000000000
000111111111000000000000000000000000000000000000001111111110000000000000000000000000000111111111000000000000000001111111111100000000000000000000000000000000000000000001111111111100000000000000000000000000000000000000001111111110000000000000000000000000000000001111111111000000000000000000000000000000000000011111111100000000000000000000000000000
000111111111000000000000000000000000000000000000001111111110000000000000000000000000000111111111000000000000000011111111111000000000000000000000000000000000000000000011111111111000000000000000000000000000000000000000001111111110000000000000000000000000000000001111111110000000000000000000000000000000000000111111111100000000000000000000000000000
001111111110000000000000000000000000000000000000001111111110000000000000000000000000000111111111000000000000000111111111110000000000000000000000000000000000000000000111111111110000000000000000000000000000000000000000001111111110000000000000000000000000000000001111111110000000000000000000000000000000000000111111111000000000000000000000000000000
001111111110000000000000000000000000000000000000001111111110000000000000000000000000000111111111000000000000000111111111100000000000000000000000000000000000000000000111111111100000000000000000000000000000000000000000001111111110000000000000000000000000000000001111111110000000000000000000000000000000000000111111111000000000000000000000000000000
001111111110000000000000000000000000000000000000001111111110000000000000000000000000000111111111000000000000001111111111000000000000000000000000000000000000000000001111111111000000000000000000000000000000000000000000001111111110000000000000000000000000000000001111111110000000000000000000000000000000000000111111111000000000000000000000000000000
001111111110000000000000000000000000000000000000001111111110000000000000000000000000000111111111000000000000001111111111000000000000000000000000000000000000000000001111111110000000000000000000000000000000000000000000001111111110000000000000000000000000000000001111111110000000000000000000000000000000000000111111111000000000000000000000000000000
001111111110000000000000000000000000000000000000001111111110000000000000000000000000000111111111000000000000011111111110000000000000000000000000000000000000000000011111111110000000000000000000000000000000000000000000001111111110000000000000000000000000000000001111111110000000000000000000000000000000000000111111111000000000000000000000000000000
001111111111000000000000000000000000000000000000001111111110000000000000000000000000000111111111000000000000011111111100000000000000000000000000000000000000000000011111111100000000000000000000000000000000000000000000001111111110000000000000000000000000000000001111111110000000000000000000000000000000000000111111111000000000000000000000000000000
000111111111000000000000000000000000000000000000001111111110000000000000000000000000000111111111000000000000011111111100000000000000000000000000000000000000000000111111111100000000000000000000000000000000000000000000001111111110000000000000000000000000000000001111111111000000000000000000000000000000000000111111111100000000000000000000000000000
000111111111100000000000000000000000000000000000001111111110000000000000000000000000000111111111000000000000111111111000000000000000000000000000000000000000000000111111111000000000000000000000000000000000000000000000001111111110000000000000000000000000000000001111111111000000000000000000000000000000000000011111111110000000000000000000000000000
000111111111110000000000000000000000000000000000001111111110000000000000000000000000000111111111000000000000111111111000000000000000000000000000000000000000000000111111111000000000000000000000000000000000000000000000001111111110000000000000000000000000000000000111111111100000000000000000000000000000000000011111111111000000000000000000000000000
000111111111111100000000000000000000000000000000001111111110000000000000000000000000000111111111000000000000111111111000000000000000000000000000000000000000000000111111111000000000000000000000000000000000000000000000001111111110000000000000000000000000000000000111111111111000000000000000000000000000000000011111111111100000000000000000000000000
000011111111111110000000000000000000000000000000001111111110000000000000000000000000000111111111000000000001111111110000000000000000000000000000000000000000000001111111110000000000000000000000000000000000000000000000001111111110000000000000000000000000000000000011111111111100000000000000000000000000000000001111111111111000000000000000000000000
000001111111111111100000000000000000000000000000001111111110000000000000000000000000000111111111000000000001111111110000000000000000000000000000000000000000000001111111110000000000000000000000000000000000000000000000001111111110000000000000000000000000000000000011111111111111000000000000000000000000000000000111111111111100000000000000000000000
000000111111111111111000000000000000000000000000000111111110000000000000000000000000000111111111000000000001111111110000000000000000000000000000000000000000000001111111110000000000000000000000000000000000000000000000001111111100000000000000000000000000000000000001111111111111110000000000000000000000000000000111111111111111100000000000000000000
000000011111111111111100000000000000000000000000000111111110000000000000000000000000000111111111000000000001111111110000000000000000000000000000000000000000000001111111110000000000000000000000000000000000000000000000001111111111111111111111111111100000000000000000111111111111111100000000000000000000000000000011111111111111110000000000000000000
000000001111111111111111000000000000000000000000000111111110000000000000000000000000000111111111000000000001111111110000000000000000000000000000000000000000000001111111110000000000000000000000000000000000000000000000001111111111111111111111111111110000000000000000011111111111111111000000000000000000000000000000111111111111111110000000000000000
000000000111111111111111110000000000000000000000000111111110000000000000000000000000000111111111000000000001111111110000000000000000000000000000000000000000000001111111100000000000000000000000000000000000000000000000001111111111111111111111111111110000000000000000000111111111111111110000000000000000000000000000011111111111111111000000000000000
000000000001111111111111111100000000000000000000000111111110000000000000000000000000000111111111000000000001111111100000000000000000000000000000000000000000000001111111100000000000000000000000000000000000000000000000001111111111111111111111111111110000000000000000000011111111111111111100000000000000000000000000000111111111111111110000000000000
000000000000111111111111111111000000000000000000000111111110000000000000000000000000000111111111000000000001111111100000000000000000000000000000000000000000000001111111100000000000000000000000000000000000000000000000001111111111111111111111111111110000000000000000000001111111111111111110000000000000000000000000000011111111111111111100000000000
000000000000001111111111111111100000000000000000000111111110000000000000000000000000000111111111000000000001111111100000000000000000000000000000000000000000000011111111100000000000000000000000000000000000000000000000001111111111111111111111111111110000000000000000000000011111111111111111100000000000000000000000000001111111111111111110000000000
000000000000000011111111111111110000000000000000000111111110000000000000000000000000000111111111000000000001111111100000000000000000000000000000000000000000000001111111100000000000000000000000000000000000000000000000001111111111111111111111111111110000000000000000000000000111111111111111110000000000000000000000000000011111111111111111000000000
000000000000000001111111111111111100000000000000000111111110000000000000000000000000000111111111000000000001111111110000000000000000000000000000000000000000000001111111100000000000000000000000000000000000000000000000001111111111111111111111111111100000000000000000000000000001111111111111111000000000000000000000000000000111111111111111100000000
000000000000000000011111111111111110000000000000000111111110000000000000000000000000000111111111000000000001111111110000000000000000000000000000000000000000000001111111100000000000000000000000000000000000000000000000001111111110000000000000000000000000000000000000000000000000011111111111111100000000000000000000000000000001111111111111111000000
000000000000000000000111111111111111000000000000000111111110000000000000000000000000000111111111000000000001111111110000000000000000000000000000000000000000000001111111110000000000000000000000000000000000000000000000001111111100000000000000000000000000000000000000000000000000000111111111111110000000000000000000000000000000011111111111111000000
000000000000000000000001111111111111000000000000000111111110000000000000000000000000000111111111000000000001111111110000000000000000000000000000000000000000000001111111110000000000000000000000000000000000000000000000001111111110000000000000000000000000000000000000000000000000000001111111111111000000000000000000000000000000000111111111111100000
000000000000000000000000011111111111100000000000000111111110000000000000000000000000000111111111000000000001111111110000000000000000000000000000000000000000000001111111110000000000000000000000000000000000000000000000001111111100000000000000000000000000000000000000000000000000000000111111111111000000000000000000000000000000000001111111111110000
000000000000000000000000000111111111110000000000000111111110000000000000000000000000000111111111000000000001111111110000000000000000000000000000000000000000000001111111110000000000000000000000000000000000000000000000001111111110000000000000000000000000000000000000000000000000000000001111111111100000000000000000000000000000000000111111111111000
000000000000000000000000000011111111110000000000000111111110000000000000000000000000000111111111000000000000111111111000000000000000000000000000000000000000000001111111110000000000000000000000000000000000000000000000001111111100000000000000000000000000000000000000000000000000000000000111111111110000000000000000000000000000000000001111111111000
000000000000000000000000000001111111110000000000000111111110000000000000000000000000000111111110000000000000111111111000000000000000000000000000000000000000000000111111111000000000000000000000000000000000000000000000001111111100000000000000000000000000000000000000000000000000000000000011111111110000000000000000000000000000000000000111111111000
000000000000000000000000000001111111111000000000000111111110000000000000000000000000000111111110000000000000111111111000000000000000000000000000000000000000000000111111111000000000000000000000000000000000000000000000001111111100000000000000000000000000000000000000000000000000000000000001111111110000000000000000000000000000000000000111111111100
000000000000000000000000000000111111111000000000000111111111000000000000000000000000000111111110000000000000111111111100000000000000000000000000000000000000000000111111111000000000000000000000000000000000000000000000001111111100000000000000000000000000000000000000000000000000000000000000111111111000000000000000000000000000000000000011111111100
000000000000000000000000000000111111111000000000000111111111000000000000000000000000000111111110000000000000011111111100000000000000000000000000000000000000000000111111111100000000000000000000000000000000000000000000001111111100000000000000000000000000000000000000000000000000000000000000111111111000000000000000000000000000000000000011111111100
000000000000000000000000000000011111111000000000000111111111000000000000000000000000001111111110000000000000011111111110000000000000000000000000000000000000000000011111111100000000000000000000000000000000000000000000001111111100000000000000000000000000000000000000000000000000000000000000111111111000000000000000000000000000000000000011111111100
000000000000000000000000000000011111111000000000000111111111000000000000000000000000001111111110000000000000011111111110000000000000000000000000000000000000000000011111111110000000000000000000000000000000000000000000001111111100000000000000000000000000000000000000000000000000000000000000111111111000000000000000000000000000000000000001111111100
000000000000000000000000000000011111111000000000000011111111100000000000000000000000001111111110000000000000001111111111000000000000000000000000000000000000000000001111111111000000000000000000000000000000000000000000001111111100000000000000000000000000000000000000000000000000000000000000111111111000000000000000000000000000000000000001111111100
000000000000000000000000000000111111111000000000000011111111100000000000000000000000011111111100000000000000001111111111100000000000000000000000000000000000000000001111111111000000000000000000000000000000000000000000001111111100000000000000000000000000000000000000000000000000000000000000111111111000000000000000000000000000000000000011111111100
000000000000000000000000000000111111111000000000000011111111110000000000000000000000011111111100000000000000000111111111100000000000000000000000000000000000000000000111111111100000000000000000000000000000000000000000001111111110000000000000000000000000000000000000000000000000000000000000111111110000000000000000000000000000000000000011111111100
000100000000000000000000000000111111111000000000000001111111110000000000000000000000111111111000000000000000000011111111111000000000000000000000000000000000000000000111111111111000000000000000000000000000000000000000001111111100000000000000000000000000000000000100000000000000000000000001111111110000000000010000000000000000000000000011111111100
001111000000000000000000000001111111110000000000000001111111111000000000000000000001111111111000000000000000000011111111111100000000000000000000000000000000000000000011111111111100000000000000000000000000100000000000001111111100000000000000000000000000000000001110000000000000000000000001111111110000000000111100000000000000000000000111111111000
001111110000000000000000000011111111110000000000000000111111111100000000000000000011111111110000000000000000000001111111111111000000000000000000000011110000000000000001111111111111000000000000000000000011110000000000001111111100000000000000000000000000000000001111110000000000000000000011111111110000000000111111000000000000000000001111111111000
001111111110000000000000000111111111110000000000000000111111111111000000000000000111111111110000000000000000000000111111111111110000000000000000001111110000000000000000111111111111100000000000000000001111110000000000001111111100000000000000000000000000000000001111111100000000000000001111111111100000000000111111110000000000000000111111111111000
001111111111110000000001111111111111100000000000000000011111111111111000000000111111111111100000000000000000000000011111111111111110000000000011111111110000000000000000011111111111111110000000000111111111110000000000001111111111111111111111111111111100000000001111111111110000000001111111111111000000000000111111111111000000000111111111111110000
001111111111111111111111111111111111100000000000000000011111111111111111111111111111111111000000000000000000000000001111111111111111111111111111111111110000000000000000011111111111111111111111111111111111110000000000001111111111111111111111111111111110000000001111111111111111111111111111111111000000000000111111111111111111111111111111111100000
001111111111111111111111111111111110000000000000000000001111111111111111111111111111111110000000000000000000000000000111111111111111111111111111111111110000000000000000000111111111111111111111111111111111110000000000001111111111111111111111111111111110000000001111111111111111111111111111111110000000000000111111111111111111111111111111111000000
001111111111111111111111111111111100000000000000000000000111111111111111111111111111111100000000000000000000000000000011111111111111111111111111111111110000000000000000000011111111111111111111111111111111110000000000001111111111111111111111111111111110000000001111111111111111111111111111111100000000000000111111111111111111111111111111110000000
001111111111111111111111111111111000000000000000000000000001111111111111111111111111111000000000000000000000000000000000111111111111111111111111111111110000000000000000000001111111111111111111111111111111110000000000001111111111111111111111111111111110000000001111111111111111111111111111111000000000000000111111111111111111111111111111100000000
000011111111111111111111111111110000000000000000000000000000111111111111111111111111110000000000000000000000000000000000011111111111111111111111111111000000000000000000000000011111111111111111111111111111100000000000001111111111111111111111111111111110000000000111111111111111111111111111100000000000000000001111111111111111111111111111000000000
000001111111111111111111111111000000000000000000000000000000011111111111111111111111100000000000000000000000000000000000000111111111111111111111111110000000000000000000000000000111111111111111111111111110000000000000001111111111111111111111111111111110000000000001111111111111111111111111000000000000000000000111111111111111111111111100000000000
000000000111111111111111111000000000000000000000000000000000000011111111111111111000000000000000000000000000000000000000000000111111111111111111100000000000000000000000000000000000111111111111111111100000000000000000000011111111111111111111111111111100000000000000001111111111111111111000000000000000000000000000011111111111111111100000000000000
000000000000001111111000000000000000000000000000000000000000000000000111111110000000000000000000000000000000000000000000000000000001111111110000000000000000000000000000000000000000000001111111100000000000000000000000000000000000000000000000000000000000000000000000000000001111111000000000000000000000000000000000000000111111110000000000000000000