00000000000000000000000000000000000000000000000000000000000000000000000000000000000000000000000000000000000000000000000000000000000000000000000000000000000000000000000000000000000000000000000000000000000000000000000000000000000000000000000000000000000000000000000000000000000000000000000000
00000000000000000000000000000000000000000000000000000000000000000000000000000000000000000000000000000000000000000000000000000000000000000000000000000000000000000000000000000000000000000000000000000000000000000000000000000000000000000000000000000000000000000000000000000000000000000000000000
00000000000000000000000000000000000000000000000000000000000000000000000000000000000000000000000000000000000000000000000000000000000000000000000000000000000000000000000000000000000000000000000000000000000000000000000000000000000000000000000000000000000000000000000000000000000000000000000000
00000000000000000000000000000000000000000000000000000000000000000000000000000000000000000000000000000000000000000000000000000000000000000000000000000000000000000000000000000000000000000000000000000000000000000000000000000000000000000000000000000000000000000000000000000000000000000000000000
00000000000000000000000000000000000000000000000000000000000000000000000000000000000000000000000000000000000000000000000000000000000000000000000000000000000000000000000000000000000000000000000000000000000000000000000000000000000000000000000000000000000000000000000000000000000000000000000000
00000000000000000000000000000000000000000000000000000000000000000000000000000000000000000000000000000000000000000000000000000000000000000000000000000000000000000000000000000000000000000000000000000000000000000000000000000000000000000000000000000000000000000000000000000000000000000000000000
00000000000111111111000000000000000000000000000000011111111100000000000000000000000011111111111111111100000000000000011111111111111111111111111111111111111111111000000000000111111111111111111111111111111111000000000111111110000000000000000000000000001111111100000001111111111000000000000000
00000000001111111111000000000000000000000000000000011111111110000000000000000000111111111111111111111111000000000000111111111111111111111111111111111111111111111100000000001111111111111111111111111111111111100000001111111111000000000000000000000000011111111110000001111111111100000000000000
00000000001111111111000000000000000000000000000000011111111110000000000000000011111111111111111111111111111000000000111111111111111111111111111111111111111111111100000000001111111111111111111111111111111111100000001111111111100000000000000000000000111111111110000011111111111100000000000000
00000000001111111111100000000000000000000000000000111111111110000000000000001111111111111111111111111111111100000000111111111111111111111111111111111111111111111100000000001111111111111111111111111111111111100000001111111111100000000000000000000000111111111110000011111111111100000000000000
00000000001111111111110000000000000000000000000000111111111100000000000000111111111111111111111111111111111110000000111111111111111111111111111111111111111111111100000000001111111111111111111111111111111111100000000111111111110000000000000000000001111111111100000001111111111100000000000000
00000000000111111111110000000000000000000000000001111111111100000000000001111111111111111111111111111111111110000000111111111111111111111111111111111111111111111100000000001111111111111111111111111111111111100000000111111111111000000000000000000011111111111100000001111111111100000000000000
00000000000011111111111000000000000000000000000001111111111100000000000011111111111111111111111111111111111100000000111111111111111111111111111111111111111111111100000000001111111111111111111111111111111111100000000011111111111000000000000000000011111111111000000001111111111000000000000000
00000000000011111111111000000000000000000000000011111111111000000000001111111111111111111111111111111111111100000000111111111111111111111111111111111111111111111100000000001111111111111111111111111111111111100000000001111111111100000000000000000111111111111000000001111111111000000000000000
00000000000001111111111100000000000000000000000011111111111000000000001111111111111111111111111111111111111010000000111111111111111111111111111111111111111111111100000000001111111111111111111111111111111111100000000001111111111100000000000000001111111111110000000001111111111000000000000000
00000000000001111111111100000000000000000000000011111111110000000000011111111111111111000000000000111111111000000000111111111100000000000000000000000000111111111100000000001111111111100000000000000000000000000000000000111111111110000000000000001111111111100000000001111111111000000000000000
00000000000000111111111110000000000000000000000111111111110000000000111111111111111100000000000000000111110000000000111111111110000000000000000000000100111111111100000000001111111111000000000000000000000000000000000000011111111111000000000000011111111111000000000001111111111000000000000000
00000000000000111111111110000000000000000000000111111111110000000000111111111111110010000000000000000000110000000000111111111100000000000000000000000000111111111100000000001111111111000000000000000000000000000000000000011111111111100000000000011111111111000000000001111111111000000000000000
00000000000000011111111111000000000000000000001111111111100000000001111111111111000000000000000000000000000000000000111111111100000000000000000000000000111111111100000000001111111111000000000000000000000000000000000000001111111111100000000000111111111110000000000001111111111000000000000000
00000000000000011111111111000000000000000000101111111111100000000001111111111111000000000000000000000000000000000000111111111100000000000000000000000000111111111100000000001111111111000000000000000000000000000000000000000111111111110000000000111111111100000000000001111111111000000000000000
00000000000000011111111111100000000000000000011111111111000000000011111111111100000000000000000000000000000000000000111111111100000000000000000000000000111111111100000000001111111111000000000000000000000000000000000000000111111111110000000001111111111100000000000001111111111000000000000000
00000000000000001111111111100000000000000000011111111111000000000111111111111000000000000000000000000000000000000000111111111100000000000000000000000000111111111100000000001111111111000000000000000000000000000000000000000011111111111100000011111111111000000000000001111111111000000000000000
00000000000000000111111111110000000000000000111111111110000000000111111111111000000000000000000000000000000000000000111111111100000000000000000000000000111111111100000000001111111111000000000000000000000000000000000000000011111111111100000011111111111000000000000001111111111000000000000000
00000000000000000111111111110000000000000000111111111110000000000111111111110000000000000000000000000000000000000000111111111100000000000000000000000000111111111100000000001111111111000000000000000000000000000000000000000001111111111100001111111111110000000000000001111111111000000000000000
00000000000000000011111111111000000000000000111111111100000000001111111111110000000000000000000000000000000000000000111111111100000000000000000000000000111111111100000000001111111111000000000000000000000000000000000000000000111111111110100111111111110000000000000001111111111000000000000000
00000000000000000011111111111000000000000001111111111100000000001111111111100000000000000000000000000000000000000000111111111100000000000000000000000000111111111100000000001111111111000000000000000000000000000000000000000000111111111110101111111111100000000000000001111111111000000000000000
00000000000000000001111111111100000000000001111111111000000000001111111111100000000000000000000000000000000000000000111111111100000000000000000000000000111111111100000000001111111111000000000000000000000000000000000000000000011111111111011111111111000000000000000001111111111000000000000000
00000000000000000001111111111100000000000011111111111000000000001111111111000000000000000000000000000000000000000000111111111100000000000000000000000000111111111100000000001111111111000000000000000000000000000000000000000000001111111111111111111110000000000000000001111111111000000000000000
00000000000000000000111111111110000000000011111111110000000000011111111111000000000000000000000000000000000000000000111111111100000000000000000000000000111111111100000000001111111111100000000000000000000000000000000000000000001111111111111111111110000000000000000001111111111000000000000000
00000000000000000000111111111111000000000111111111110000000000011111111111000000000000000000000000000000000000000000111111111100000000000000000000000000111111111100000000001111111111000000000000000000000000000000000000000000000111111111111111111100000000000000000001111111111000000000000000
00000000000000000000011111111111000000000111111111110000000000011111111111000000000000000000000000000000000000000000111111111100000000000000000000000000111111111100000000001111111111000000000000000000000000000000000000000000000011111111111111111000000000000000000001111111111000000000000000
00000000000000000000011111111111000000001111111111100000000000011111111110000000000000000000000000000000000000000000111111111100000000000000000000000000111111111100000000001111111111111111111111111111111111000000000000000000000011111111111111111000000000000000000000111111111000000000000000
00000000000000000000001111111111100000001111111111100000000000011111111110000000000000000000000000000000000000000000111111111100000000000000000000000000111111111100000000001111111111111111111111111111111111000000000000000000000001111111111111110000000000000000000000111111111000000000000000
00000000000000000000001111111111110000001111111111000000000000011111111110000000000000000000000000000000000000000000111111111100000000000000000000000000111111111100000000001111111111111111111111111111111111000000000000000000000010111111111111111000000000000000000000111111110000000000000000
00000000000000000000000111111111110000011111111111000000000000011111111110000000000000000000000000000000000000000000111111111100000000000000000000000000111111111100000000001111111111111111111111111111111111000000000000000000000000111111111111100000000000000000000000111111110000000000000000
00000000000000000000000111111111111011011111111110000000000000011111111110000000000000000000000000000000000000000000111111111100000000000000000000000000111111111100000000001111111111111111111111111111111111000000000000000000000001011111111111100000000000000000000000111111110000000000000000
00000000000000000000000011111111111010111111111110000000000000011111111110000000000000000000000000000000000000000000111111111100000000000000000000000000111111111100000000001111111111111111111111111111111111000000000000000000000010111111111111100000000000000000000000111111110000000000000000
00000000000000000000000011111111111100111111111100000000000000011111111110000000000000000000000000000000000000000000111111111100000000000000000000000000111111111100000000001111111111111111111111111111111111000000000000000000000001111111111111110000000000000000000000111111110000000000000000
00000000000000000000000001111111111101111111111100000000000000011111111110000000000000000000000000000000000000000000111111111100000000000000000000000000111111111100000000001111111111111111111111111111111111000000000000000000000001111111111111111000000000000000000000111111110000000000000000
00000000000000000000000000111111111111111111111000000000000000011111111110000000000000000000000000000000000000000000111111111100000000000000000000000000111111111100000000001111111111111111111111111111111110000000000000000000000011111111111111111000000000000000000000111111110000000000000000
00000000000000000000000000111111111111111111111000000000000000011111111110000000000000000000000000000000000000000000111111111100000000000000000000000000111111111100000000001111111111000000000000000000000000000000000000000000000011111111111111111100000000000000000000111111110000000000000000
00000000000000000000000000011111111111111111111000000000000000011111111110000000000000000000000000000000000000000000111111111100000000000000000000000000111111111100000000001111111111000000000000000000000000000000000000000000000111111111111111111110000000000000000000111111110000000000000000
00000000000000000000000000011111111111111111110000000000000000011111111111000000000000000000000000000000000000000000111111111100000000000000000000000000111111111100000000001111111111000000000000000000000000000000000000000000001111111111111111111110000000000000000000111111110000000000000000
00000000000000000000000000001111111111111111110000000000000000011111111111000000000000000000000000000000000000000000111111111100000000000000000000000000111111111100000000001111111111000000000000000000000000000000000000000000011111111111011111111111000000000000000000111111110000000000000000
00000000000000000000000000001111111111111111100000000000000000011111111111000000000000000000000000000000000000000000111111111100000000000000000000000000111111111100000000001111111111000000000000000000000000000000000000000000011111111111011111111111000000000000000000111111110000000000000000
00000000000000000000000000000111111111111111100000000000000000011111111111000000000000000000000000000000000000000000111111111100000000000000000000000000111111111100000000001111111111000000000000000000000000000000000000000000111111111110101111111111100000000000000000111111110000000000000000
00000000000000000000000000000111111111111111000000000000000000001111111111100000000000000000000000000000000000000000111111111100000000000000000000000000111111111100000000001111111111000000000000000000000000000000000000000000111111111101101111111111110000000000000000111111110000000000000000
00000000000000000000000000001011111111111111000000000000000000001111111111100000000000000000000000000000000000000000111111111100000000000000000000000000111111111100000000001111111111000000000000000000000000000000000000000011111111111100000111111111110000000000000000111111110000000000000000
00000000000000000000000000000011111111111110000000000000000000001111111111100000000000000000000000000000000000000000111111111100000000000000000000000000111111111100000000001111111111000000000000000000000000000000000000000011111111111100000011111111111000000000000000111111110000000000000000
00000000000000000000000000000011111111111110000000000000000000001111111111110000000000000000000000000000000000000000111111111100000000000000000000000000111111111100000000001111111111000000000000000000000000000000000000000011111111111000000011111111111100000000000000111111110000000000000000
00000000000000000000000000000101111111111110000000000000000000000111111111110000000000000000000000000000000000000000111111111100000000000000000000000000111111111100000000001111111111000000000000000000000000000000000000000111111111110000000001111111111100000000000000111111110000000000000000
00000000000000000000000000000001111111111100000000000000000000000111111111111000000000000000000000000000000000000000111111111100000000000000000000000000111111111100000000001111111111000000000000000000000000000000000000000111111111100000000001111111111110000000000000000000000000000000000000
00000000000000000000000000000011111111111100000000000000000000000011111111111100000000000000000000000000000000000000111111111100000000000000000000000000111111111100000000001111111111000000000000000000000000000000000000001111111111100000000000111111111110000000000000000001000000000000000000
00000000000000000000000000000011111111111000000000000000000000000011111111111110000000000000000000000000000000000000111111111100000000000000000000000000111111111100000000001111111111000000000000000000000000000000000000011111111111000000000000011111111111000000000000000000000000000000000000
00000000000000000000000000000111111111111000000000000000000000000011111111111111100000000000000000000000000000000000111111111100000000000000000000000000111111111100000000001111111111000000000000000000000000000000000000011111111110000000000000011111111111100000000000011111100000000000000000
00000000000000000000000000100111111111110000000000000000000000000001111111111111100000000000000000000000000000000000111111111100000000000000000000000000111111111100000000001111111111000000000000000000000000000000000000111111111110000000000000001111111111100000000000111111111000000000000000
00000000000000000000000000011111111111100000000000000000000000000000111111111111111000000000000000000000110000000000111111111100000000000000000000000000111111111100000000001111111111010000000000000000000000000000000001111111111100000000000000000111111111110000000001111111111000000000000000
00000000000011110000000001111111111111100000000000000000000000000000111111111111111110000000000000011111111000000000111111111100000000000000000000000000111111111100000000001111111111000000000000000000000000000000000001111111111000000000000000001111111111111000000011111111111100000000000000
00000000000011111111111111111111111111000000000000000000000000000000011111111111111111111111111111111111111000000000111111111100000000000000000000000000111111111100000000001111111111111111111111111111111111100000000011111111111000000000000000000011111111111000000011111111111100000000000000
00000000000011111111111111111111111111000000000000000000000000000000001111111111111111111111111111111111111000000000111111111100000000000000000000000000111111111100000000001111111111111111111111111111111111100000000111111111110000000000000000000011111111111100000011111111111100000000000000
00000000000011111111111111111111111110000000000000000000000000000000000111111111111111111111111111111111111000000000111111111100000000000000000000000000111111111100000000001111111111111111111111111111111111100000001111111111110000000000000000000001111111111110000011111111111100000000000000
00000000000011111111111111111111111100000000000000000000000000000000000011111111111111111111111111111111111000000000111111111100000000000000000000000000111111111100000000001111111111111111111111111111111111100000001111111111100000000000000000000000111111111110000011111111111100000000000000
00000000000011111111111111111111111000000000000000000000000000000000000001111111111111111111111111111111111000000000111111111100000000000000000000000000111111111100000000001111111111111111111111111111111111100000011111111111100000000000000000000000111111111111000011111111111100000000000000
00000000000011111111111111111111110000000000000000000000000000000000000000011111111111111111111111111111111000000000111111111100000000000000000000000000111111111100000000001111111111111111111111111111111111100000011111111111000000000000000000000000011111111111000011111111111100000000000000
00000000000011111111111111111111000000000000000000000000000000000000000000001111111111111111111111111111111000000000111111111100000000000000000000000000111111111100000000001111111111111111111111111111111111100000111111111110000000000000000000000000011111111111100011111111111100000000000000
00000000000011111111111111111110000000000000000000000000000000000000000000000011111111111111111111111111100000000000111111111100000000000000000000000000111111111100000000001111111111111111111111111111111111100000011111111110000000000000000000000000001111111111000001111111111100000000000000
00000000000001111111111111111000000000000000000000000000000000000000000000000000001111111111111111111100000000000000011111111000000000000000000000000000011111111000000000000111111111111111111111111111111111000000011111111100000000000000000000000000001111111111000001111111111000000000000000
00000000000000000000000000000000000000000000000000000000000000000000000000000000000000000000000000000000000000000000000000000000000000000000000000000000000000000000000000000000000000000000000000000000000000000000000000000000000000000000000000000000000000000000000000011111100000000000000000
00000000000000000000000000000000000000000000000000000000000000000000000000000000000000000000000000000000000000000000000000000000000000000000000000000000000000000000000000000000000000000000000000000000000000000000000000000000000000000000000000000000000000000000000000000000000000000000000000
00000000000000000000000000000000000000000000000000000000000000000000000000000000000000000000000000000000000000000000000000000000000000000000000000000000000000000000000000000000000000000000000000000000000000000000000000000000000000000000000000000000000000000000000000000000000000000000000000
00000000000000000000000000000000000000000000000000000000000000000000000000000000000000000000000000000000000000000000000000000000000000000000000000000000000000000000000000000000000000000000000000000000000000000000000000000000000000000000000000000000000000000000000000000000000000000000000000
00000000000000000000000000000000000000000000000000000000000000000000000000000000000000000000000000000000000000000000000000000000000000000000000000000000000000000000000000000000000000000000000000000000000000000000000000000000000000000000000000000000000000000000000000000000000000000000000000
00000000000000000000000000000000000000000000000000000000000000000000000000000000000000000000000000000000000000000000000000000000000000000000000000000000000000000000000000000000000000000000000000000000000000000000000000000000000000000000000000000000000000000000000000000000000000000000000000
00000000000000000000000000000000000000000000000000000000000000000000000000000000000000000000000000000000000000000000000000000000000000000000000000000000000000000000000000000000000000000000000000000000000000000000000000000000000000000000000000000000000000000000000000000000000000000000000000
00000000000000000000000000000000000000000000000000000000000000000000000000000000000000000000000000000000000000000000000000000000000000000000000000000000000000000000000000000000000000000000000000000000000000000000000000000000000000000000000000000000000000000000000000000000000000000000000000
00000000000000000000000000000000000000000000000000000000000000000000000000000000000000000000000000000000000000000000000000000000000000000000000000000000000000000000000000000000000000000000000000000000000000000000000000000000000000000000000000000000000000000000000000000000000000000000000000
00000000000000000000000000000000000000000000000000000000000000000000000000000000000000000000000000000000000000000000000000000000000000000000000000000000000000000000000000000000000000000000000000000000000000000000000000000000000000000000000000000000000000000000000000000000000000000000000000
00000000000000000000000000000000000000000000000000000000000000000000000000000000000000000000000000000000000000000000000000000000000000000000000000000000000000000000000000000000000000000000000000000000000000000000000000000000000000000000000000000000000000000000000000000000000000000000000000
00000000000000000000000000000000000000000000000000000000000000000000000000000000000000000000000000000000000000000000000000000000000000000000000000000000000000000000000000000000000000000000000000000000000000000000000000000000000000000000000000000000000000000000000000000000000000000000000000
00000000000000000000000000000000000000000000000000000000000000000000000000000000000000000000000000000000000000000000000000000000000000000000000000000000000000000000000000000000000000000000000000000000000000000000000000000000000000000000000000000000000000000000000000000000000000000000000000