000000000000000000000000000000000000000000000000000000000000000
000011111000000000000000000000000000000000000000000000000000000
000111111110000000000000000000000000000000000000000000000000000
001110000000000000000000000000000000000000000000000000000000000
011100000000000000000000000000000000000000000000000000000000000
011100000000000000000000000000000000000000000000000000000000000
011100000000000000011110000000111100000000001111000000011100000
001100000000000110111110000001111110000000111111100001111111000
000110000000000111000111000000000011000000110000100011000011000
000011100000000110000011000000000011000001100000000011000001100
000000111000000110000011100000000011100001100000000011000001100
000000001110000110000001100000111111100001100000000011111111100
000000000110000110000001100011111111100011100000000111111111100
000000000110000110000001100111000001100011100000000011000000000
000000000110000110000001100110000011100001100000000011000000000
000000000110000110000011000110000011100000100000000011000000000
000000001110000110000111000111000111100000110000110011100001000
001111111100000111111110000011111101100000111111100000111111000
000011110000000110011100000000111001100000001110000000001110000
000000000000000110000000000000000000000000000000000000000000000
000000000000000110000000000000000000000000000000000000000000000
000000000000000110000000000000000000000000000000000000000000000
000000000000000110000000000000000000000000000000000000000000000
000000000000000110000000000000000000000000000000000000000000000
000000000000000000000000000000000000000000000000000000000000000