000111100000000000000000000000000000000000000000000000000000000
011111111100000000000000000000000000000000000000000000000000000
111100011100000000000000000000000000000000000000000000000000000
110000000000000000000000000000000000000000000000000000000000000
110000000000000000000000000000000000000000000000000000000000000
110000000000001100111100000001111110000000001111110000001111110
110000000000001101111110000011111111000000011111111000011111111
111000000000001111000111000010000001100000111000001000111000011
111111000000001110000011000000000001100000110000000000110000001
001111111000001100000011100000000001100001110000000001110000001
000011111100001100000001100000011111110001100000000001100000001
000000011100001100000001100001111111110001100000000001111111111
000000001110001100000001100011100000110001100000000001111111111
000000000110001100000001100111000000110001100000000001100000000
000000000110001100000001100110000001110001110000000001110000000
000000001110001110000011000110000001110000110000000000110000000
100000001100001110000011000111000011110000111000001000111000000
111111111100001111111110000011111110110000011111111000011111111
011111110000001100111100000001111100110000001111111000000111111
000000000000001100000000000000000000000000000000000000000000000
000000000000001100000000000000000000000000000000000000000000000
000000000000001100000000000000000000000000000000000000000000000
000000000000001100000000000000000000000000000000000000000000000
000000000000001100000000000000000000000000000000000000000000000
000000000000000000000000000000000000000000000000000000000000000