000000000000000000000000000000000000000000000000000000000000000000000000000000000000000000000000000000000000000000000000000000000000000000000000000000000000000000000000000
000000000000000000000000000000000000000000000000000000000000000000000000000000000000000000000000000000000000000000000000000000000000000000000000000000000000000000000000000
000000000000000000000000000000000000000000000000000000000000000000000000000000000000000000000000000000000000000000000000000000000000000000000000000000000000000000000000000
000000000000000000000000000000000000000000000000000000000000000000000000000000000000000000000000000000000000000000000000000000000000000000000000000000000000000000000000000
000000000000000000000000000000000000000000000000000000000000000000000000000000000000000000000000000000000000000000000000000000000000000000000000000000000000000000000000000
000000000000000000000000000000000000000000000000000000000000000000000000000000000000000000000000000000000000000000000000000000000000000000000000000000000000000000000000000
000000000000000000000000000000000000000000000000000000000000000000000000000000000000000000000000000000000000000000000000000000000000000000000000000000000000000000000000000
000000000000000000000000000000001111111111111111100000000001111111111110000000000011111111100000000011110000000001111000000001111111110000000000000000000000000000000000000
000000000000000000000000000000001111111111111111100000000001111111111110000000001111111111111000000011110000000011111000000111111111111100000000000000000000000000000000000
000000000000000000000000000000001111111111111111100000000011111111111111000000011111111111111100000001111000000011110000001111111111111110000000000000000000000000000000000
000000000000000000000000000000001111111111111111100000000011111111111111000000111111000001111110000001111000000111100000011111100000011111000000000000000000000000000000000
000000000000000000000000000000001111000000000111100000000011110000001110000000111100000000011111000000111100001111100000011111000000001111100000000000000000000000000000000
000000000000000000000000000000001111000000000111100000000011110000001111000001111100000000001111000000011110001111000000111110000000000111100000000000000000000000000000000
000000000000000000000000000000001111000000000111100000000011110000001111000001111000000000000111100000011110011110000000111100000000000011110000000000000000000000000000000
000000000000000000000000000000001111000000000111100000000011100000001111000001111000000000000111100000001111011110000000111100000000000011110000000000000000000000000000000
000000000000000000000000000000001111000000000111100000000011100000001111000011110000000000000111100000001111111100000001111000000000000011110000000000000000000000000000000
000000000000000000000000000000001111000000000111100000000111100000001111000011110000000000000111100000000111111000000001111000000000000011110000000000000000000000000000000
000000000000000000000000000000001111000000000111100000000111100000001111000011110000000000000111100000000011111000000001111000000000000011110000000000000000000000000000000
000000000000000000000000000000001111000000000111100000000111100000001111000011110000000000000011100000000011111000000001111000000000000001111000000000000000000000000000000
000000000000000000000000000000001111000000000111100000000111100000001111000011110000000000000111100000000111111100000001111000000000000001110000000000000000000000000000000
000000000000000000000000000000001111000000000111100000000111000000001111000011110000000000000111100000000111111100000001111000000000000011110000000000000000000000000000000
000000000000000000000000000000001111000000000111100000000111000000001111000011110000000000000111100000001111011110000001111000000000000011110000000000000000000000000000000
000000000000000000000000000000001111000000000111100000001111000000001111000001111000000000000111100000011110011110000000111100000000000011110000000000000000000000000000000
000000000000000000000000000000001111000000000111100000001111000000001111000001111000000000000111100000011110001111000000111100000000000011110000000000000000000000000000000
000000000000000000000000000000001111000000000111100000001111000000001110000001111000000000001111000000111100001111100000111110000000000111100000000000000000000000000000000
000000000000000000000000000000001111000000000111100000001110000000001111000000111100000000011111000001111000000111100000011111000000001111100000000000000000000000000000000
000000000000000000000000000000001111000000000111100000011110000000001111000000111111000001111110000001111000000011110000011111100000011111000000000000000000000000000000000
000000000000000000000000000000001111000000000111100011111110000000001110000000011111111111111100000011110000000011111000001111111111111111000000000000000000000000000000000
000000000000000000000000000000001110000000000011100011111100000000001111000000001111111111111000000011110000000001111000000111111111111100000000000000000000000000000000000
000000000000000000000000000000001110000000000011100011111000000000001111000000000011111111100000000111100000000000111000000001111111110000000000000000000000000000000000000
000000000000000000000000000000000000000000000000000000000000000000000000000000000000000000000000000000000000000000000000000000000000000000000000000000000000000000000000000
000000000000000000000000000000000000000000000000000000000000000000000000000000000000000000000000000000000000000000000000000000000000000000000000000000000000000000000000000
000000000000000000000000000000000000000000000000000000000000000000000000000000000000000000000000000000000000000000000000000000000000000000000000000000000000000000000000000
