000000000000000000000000000000000000000000000000000000000000000000000000000000000000000000000000000000000000000000000000000000000000000000000000000000000000000000000000000
000000000000000000000000000000000000000000000000000000000000000000000000000000000000000000000000000000000000000000000000000000000000000000000000000000000000000000000000000
000000000000000000000000000000000000000000000000000000000000000000000000000000000000000000000000000000000000000000000000000000000000000000000000000000000000000000000000000
000000000000000000000000000000000000000000000011111111111000000000000000000000000011110000000000000000111111111100000000000000000000000000000000000000000000000000000000000
000000000000000000000000000000000000000000000111111111111111111000000000000000000111111000000000000001111111111111111100000000000000000000000000000000000000000000000000000
000000000000000000000000000000000000000000000111111111111111111100000000000000000111111000000000000001111111111111111111000000000000000000000000000000000000000000000000000
000000000000000000000000000000000000000000000111111111111111111110000000000000000111111000000000000001111111111111111111110000000000000000000000000000000000000000000000000
000000000000000000000000000000000000000000000111111111111111111111000000000000001111111100000000000001111111111111111111110000000000000000000000000000000000000000000000000
000000000000000000000000000000000000000000000111110000000000111111000000000000001111111100000000000001111100000000000111111000000000000000000000000000000000000000000000000
000000000000000000000000000000000000000000000111110000000000011111000000000000001111111110000000000001111100000000000011111100000000000000000000000000000000000000000000000
000000000000000000000000000000000000000000000111110000000000001111100000000000011111111110000000000001111100000000000001111100000000000000000000000000000000000000000000000
000000000000000000000000000000000000000000000111110000000000001111100000000000011111011110000000000001111100000000000000111100000000000000000000000000000000000000000000000
000000000000000000000000000000000000000000000111110000000000001111000000000000111110011111000000000001111100000000000000111110000000000000000000000000000000000000000000000
000000000000000000000000000000000000000000000111110000000000001111000000000000111110011111000000000001111100000000000000111110000000000000000000000000000000000000000000000
000000000000000000000000000000000000000000000111110000000000011111000000000000111100001111100000000001111100000000000000011110000000000000000000000000000000000000000000000
000000000000000000000000000000000000000000000111110000000000111111000000000000111100001111100000000001111100000000000000011110000000000000000000000000000000000000000000000
000000000000000000000000000000000000000000000111111111111111111110000000000001111100000111100000000001111100000000000000011110000000000000000000000000000000000000000000000
000000000000000000000000000000000000000000000111111111111111111100000000000001111000000111110000000001111100000000000000011110000000000000000000000000000000000000000000000
000000000000000000000000000000000000000000000011111111111111111110000000000011111000000111110000000000111100000000000000011111000000000000000000000000000000000000000000000
000000000000000000000000000000000000000000000011111111111111111111000000000011110000000011110000000000111100000000000000011110000000000000000000000000000000000000000000000
000000000000000000000000000000000000000000000011110000000000011111100000000011110000000011111000000000111100000000000000011110000000000000000000000000000000000000000000000
000000000000000000000000000000000000000000000011110000000000001111100000000011111111111111111000000000111100000000000000011110000000000000000000000000000000000000000000000
000000000000000000000000000000000000000000000011100000000000000111100000000111111111111111111000000000111000000000000000011110000000000000000000000000000000000000000000000
000000000000000000000000000000000000000000000011110000000000000011100000000111111111111111110100000000111000000000000000011110000000000000000000000000000000000000000000000
000000000000000000000000000000000000000000000011100000000000000011100000000100100000000000111000000000111000000000000000011100000000000000000000000000000000000000000000000
000000000000000000000000000000000000000000000011100000000000000011100000001110000000000000011100000000111000000000000000011100000000000000000000000000000000000000000000000
000000000000000000000000000000000000000000000011100000000000000011100000001110000000000000011100000000111000000000000000111000000000000000000000000000000000000000000000000
000000000000000000000000000000000000000000000011100000000000000111100000011110000000000000001100000000111000000000000001111000000000000000000000000000000000000000000000000
000000000000000000000000000000000000000000000011110000000000001111100000011110000000000000001110000000111000000000000011110000000000000000000000000000000000000000000000000
000000000000000000000000000000000000000000000011110000000011111111100000111110000000000000001111000000111100000011111111110000000000000000000000000000000000000000000000000
000000000000000000000000000000000000000000000011111111111111111111000000111100000000000000001111000000111111111111111111100000000000000000000000000000000000000000000000000
000000000000000000000000000000000000000000000011111111111111111110000001111100000000000000001111100000111111111111111111000000000000000000000000000000000000000000000000000
000000000000000000000000000000000000000000000011111111111111111100000001111100000000000000000111100000111111111111111100000000000000000000000000000000000000000000000000000