000000000000000000000000000000000000000000000000000000000000000000000000000000000000000000000000000000000000000000000000000000000000000000000000000000000000000000000000000
000000000000000000000000000000000000000000000000000000000000000000000000000000000000000000000000000000000000000000000000000000000000000000000000000000000000000000000000000
000000000000000000000000000000000000011111111111100000000000000000000111111111100000000000000000000111111111100000000000001111111111110000000000000000000000000000000000000
000000000000000000000000000000000001111111111111110000000000000000111111111111111000000000000000011111111111111000000000011111111111111111100000000000000000000000000000000
000000000000000000000000000000000111111111111111111100000000000001111111111111111110000000000001111111111111111110000000011111111111111111111000000000000000000000000000000
000000000000000000000000000000001111111111111111111110000000000011111111111111111111000000000011111111111111111111000000011111111111111111111100000000000000000000000000000
000000000000000000000000000000011111111000000111111110000000000111111110000011111111100000000111111110000001111111100000011111111111111111111110000000000000000000000000000
000000000000000000000000000000111111100000000001111111000000001111111001000000111111110000000111111000000000011111100000011111000000000011111110000000000000000000000000000
000000000000000000000000000000111111000000000000011111000000001111110000000000001111110000001111110000000000001111110000011111000000000000111111000000000000000000000000000
000000000000000000000000000000111111000000000000011111100000011111100000000000001111110000011111110000000000001111110000011111000000000000111111000000000000000000000000000
000000000000000000000000000001111110000000000000001111100000011111000000000000000111111000011111100000000000000111111000011111000000000000011111100000000000000000000000000
000000000000000000000000000001111100000000000000001111100000011111000000000000000011111000011111000000000000000011111000011111000000000000001111100000000000000000000000000
000000000000000000000000000001111100000000000000000111100000011111000000000000000011111010011111000000000000000011111000011111000000000000001111100000000000000000000000000
000000000000000000000000000001111100000000000000000000000000111110000000000000000011111010111110000000000000000001111001011111000000000000001111100000000000000000000000000
000000000000000000000000000001111000000000000000000000000000111110000000000000000001111000111110000000000000000001111100011111000000000000000111100000000000000000000000000
000000000000000000000000000011111000000000000000000000000000111110000000000000000001111101111110000000000000000001111110011111000000000000000111100000000000000000000000000
000000000000000000000000000011111000000000111111111111100000111110000000000000000001111100111110000000000000000001111101011111000000000000000111100000000000000000000000000
000000000000000000000000000011111000000001111111111111110000111110000000000000000001111100111110000000000000000001111100011111000000000000000111100000000000000000000000000
000000000000000000000000000011111000000001111111111111100000111110000000000000000001111100111110000000000000000001111100011111000000000000000111100000000000000000000000000
000000000000000000000000000011111000000001111111111111100000111110000000000000000001111100111110000000000000000001111100011111000000000000000111100000000000000000000000000
000000000000000000000000000001111000000000111111111111100000111110000000000000000001111010111110000000000000000001111001011111000000000000000111100000000000000000000000000
000000000000000000000000000001111100000000000000000111100000011110000000000000000001111010011110000000000000000001111001011111000000000000001111100000000000000000000000000
000000000000000000000000000001111100000000000000000111100000011110000000000000000011111000011110000000000000000001111000001111000000000000001111100000000000000000000000000
000000000000000000000000000001111100000000000000001111100000011110000000000000000011111000011110000000000000000011111000001111000000000000001111100000000000000000000000000
000000000000000000000000000000111110000000000000001111100000011111000000000000000111111000011111000000000000000011110000001111000000000000011111000000000000000000000000000
000000000000000000000000000000111110000000000000001111100000001111100000000000000111110000001111000000000000000111110000001111000000000000011111000000000000000000000000000
000000000000000000000000000000111111000000000000111111100000001111110000000000001111100000001111110000000000001111100000001111000000000000111111000000000000000000000000000
000000000000000000000000000000011111100000000000111111100000000111111000000000011111100000000111111000000000011111100000001111000000000011111110000000000000000000000000000
000000000000000000000000000000001111111000000111111111100000000111111100000001111111000000000111111100000001111111000000011111111111111111111100000000000000000000000000000
000000000000000000000000000000001111111111111111111111100000000011111111111111111111000000000011111111111111111111000000011111111111111111111100000000000000000000000000000
000000000000000000000000000000000111111111111111111111100000000001111111111111111110000000000001111111111111111110000000011111111111111111110000000000000000000000000000000
000000000000000000000000000000000001111111111111100111100000000000011111111111111000000000000000011111111111111000000000011111111111111111100000000000000000000000000000000
000000000000000000000000000000000000011111111110000011000000000000000111111111100000000000000000000111111111100000000000001111111111110000000000000000000000000000000000000