000000000000000000000000000000000000000000000000000000000000000000000000000000000000000000000000000000000000000000000000000000000000000000000000000000000000000000000000000
000000000000000000000000000000000000000000000000000000000000000000000000000000000000000000000000000000000000000000000000000000000000000000000000000000000000000000000000000
000000000000000000000000000000000000000000000000000000000000000000000000000000000000000000000000000000000000000000000000000000000000000000000000000000000000000000000000000
000000000000000000000000000000000000000000000000000000000000000000000000000000000000000000000000000000000000000000000000000000000000000000000000000000000000000000000000000
000000000000000000000000000000000000000000000000000000000000000000000000000000000000000000000000000000000000000000000000000000000000000000000000000000000000000000000000000
000000000000000000000000000000000000000000000000000000000000000000000000000000000000000000000000000000000000000000000000000000000000000000000000000000000000000000000000000
000000000000000000000000000000000000010000000000111111000000000011111100000000000000011111100000000000100000000000000000010000000000011111100000000000000000000000000000000
000000000000000000000000011110000000011100000111111111110000000111111111110000000011111111111000000011100000001111000000011100000001111111111100000000000000000000000000000
000000000000000000000000001110000000111100001111111111111000000111111111111000000111111111111100000011100000001111000000011100000011111111111110000000000000000000000000000
000000000000000000000000001111000001111000011111100001111100000111111111111100001111110000111110000011100000001111000000011100000111111000111111000000000000000000000000000
000000000000000000000000000111100001110000111110000000011110000111000000111100011111000000001111000011100000001111000000011100001111100000001111000000000000000000000000000
000000000000000000000000000111100011110000111100000000001110000111000000011110011110000000001111000011100000001111000000011100001111000000000111100000000000000000000000000
000000000000000000000000000011110011100000111000000000001111000111000000011110011100000000000111100011100000001111000000011100011110000000000011100000000000000000000000000
000000000000000000000000000001111111000000111000000000001111000111000000011110111100000000000111100011100000001111000000011100011110000000000011110000000000000000000000000
000000000000000000000000000001111111000001111000000000000111000111000000011100111100000000000011100011100000001111000000011100011100000000000011110000000000000000000000000
000000000000000000000000000000111110000001111000000000000111000111000000111100111100000000000011100011100000001111000000011100011100000000000001110000000000000000000000000
000000000000000000000000000000011110000001111000000000000111000111111111111100111100000000000011100011100000001111000000011100011100000000000011110000000000000000000000000
000000000000000000000000000000111110000001111000000000000111000111111111111000111100000000000011100011100000001111000000011100011100000000000011110000000000000000000000000
000000000000000000000000000001111111000001111000000000000111000111111111100000111100000000000011100011100000001111000000011100011100000000000011110000000000000000000000000
000000000000000000000000000001111111100001111000000000000111000111111000000000111100000000000111100011100000001111000000011100011110000000000011110000000000000000000000000
000000000000000000000000000011110111100000111000000000001111000111000000000000111100000000000111100011100000001111000000011100011110000000000011100000000000000000000000000
000000000000000000000000000111100011110000111100000000001111000111000000000000011100000000000111100011100000001111000000011100011110000000000011100000000000000000000000000
000000000000000000000000000111100001111000111100000000011110000111000000000000011110000000001111000011100000001111000000011100001111000000000111100000000000000000000000000
000000000000000000000000001111000001111000011110000000111110000111000000000000001111000000011111000011100000001111000000011100001111100000001111000000000000000000000000000
000000000000000000000000001110000000111100011111111111111100000111000000000000001111111111111110000011111111111111111111111100000111111111111111000000000000000000000000000
000000000000000000000000011110000000011100001111111111111000000111000000000000000111111111111100000011111111111111111111111100000011111111111110000000000000000000000000000
000000000000000000000000111100000000011110000011111111110000000111000000000000000001111111110000000011111111111111111111111100000000111111111000000000000000000000000000000
000000000000000000000000000000000000000000000000001100000000000000000000000000000000001110000000000000000000000000000000000000000000000111000000000000000000000000000000000
000000000000000000000000000000000000000000000000000000000000000000000000000000000000000000000000000000000000000000000000000000000000000000000000000000000000000000000000000
000000000000000000000000000000000000000000000000000000000000000000000000000000000000000000000000000000000000000000000000000000000000000000000000000000000000000000000000000
000000000000000000000000000000000000000000000000000000000000000000000000000000000000000000000000000000000000000000000000000000000000000000000000000000000000000000000000000
000000000000000000000000000000000000000000000000000000000000000000000000000000000000000000000000000000000000000000000000000000000000000000000000000000000000000000000000000
000000000000000000000000000000000000000000000000000000000000000000000000000000000000000000000000000000000000000000000000000000000000000000000000000000000000000000000000000
