000000000000000000000000000000000000000000000000000000000000000000000000000000000000000000000000000000000000000000000000000000000000000000000000000000000000000000000000000
010001000110000000000000001010100000000000000000000000001100000000000000000000000000000010000000000000000000000001000000000000000000011011001000000000000001101011111000000
111111111111111000000000111111111111111111110000011111111111111111000000000011111111111111111110000111111111111111111110000000000001111111111110000000011111111111111111111
111111111111111100000001111111111111111111111000111111111111111111110000000111111111111111111111001111111111111111111111000000000111111111111111110000111111111111111111111
111111111111111111000001111111111111111111110000011111111111111111111000000011111111111111111111001111111111111111111111000000011111111111111111110001111111111111111111111
111111111111111111000001111111111111111111111000111111111111111111111100001111111111111111111111011111111111111111111111000000111111111111111111111010111111111111111111111
111111111111111111100001111111111111111111110000111111111111111111111111000111111111111111111111000111111111111111111111000001111111111010011111111100111111111111111111111
111111101110111111110001111111111111111100000000111111111011110111111110101111111111110010100010001111111111110010110100000001111111101000101111111101000000111111111110000
111111000000111111110001111111100000000000000000111111111000000111111110001111111110000000000000001111111100000000000000000001111111100000001011111100000000011111111100000
111110000100101111111111111110000000000000000001111111100000000111111110000111111110000000000000001111111100000000000000000011111110000000000011111110000000001111111000000
111100000000001111111101111111000000000000000000111111100000000001111110000111111100000000000000001111111000000000000000000111111100000000000001111110000000001111110000000
111100000001011111111101111111000000000000000000111111100000000011111111000111111100000000000000001111111100000000000000000111111100000000000000111110000000001111110000000
111100000000111111111101111111110000000000000000111111100000000110111111000111111100000000000000000111111100000000000000000111111100000000000000111110000000001111110000000
111110000000001111111111111111010000000000000000111111110000000001111110000111111110000000000000000111111110000000000000000111111100000000000000000000000000001111110000000
111111000011111111110011111111111111111100000000111111111100001111111110000111111111111111011000000111111111111111001100000111111100000000000000000000000000001111110000000
111111111110111111110011111111111111111111100000111111111111111111111110001111111111111111111110001111111111111111111110010111111000000000000000000000000000001111110000000
111111111111111111100011111111111111111111100000111111111111111111111100000111111111111111111110001111111111111111111110000111111000000000000000000000000000001111110000000
111111111111111111000001111111111111111111100000111111111111111111111010000111111111111111111110001111111111111111111110000111111000000000000000000000000000001111110000000
111111111111111110000001111111111111111111100000111111111111111111111110000111111111111111111100001111111111111111111110000111111000000000000000000000000000001111110000000
111111111111111000000001111111011111111111000000111111111111111111111100000111111111111111111100001111111111111111111100000111110000000000000000000000000000001111110000000
111111101111100000000001111111110000000000000000111111111111111111111100000111111111000000000000001111111110000000000000000111111000000000000000000000000000001111110000000
111111100000000000000001111111000000000000000000111111010000001111111100000111111100000000000000001111111100000000000000000111111000000000000000111110000000001111110000000
111110000000000000000001111111000000000000000000111111110000001101111110000111111100000000000000001111111100000000000000000111111100000000000000111110000000001111110000000
111110000000000000000001111110000000000000000000111111000000000011111110000111111000000000000000001111111000000000000000000011111100000000000000111110000000001111110000000
111110000000000000000001111110000000000000000000111111100000000011111110000111111000000000000000001111111000000000000000000111111100000000000001111110000000001111110000000
111100000000000000000001111110000000000000000000111111000000000001111110010111111000000000000000001111111100000000000000000011111111000000000011111110000000001111110000000
111000000000000000000001111111100000000000000001111111000000000001111101010111111000000000000000001111111100000000000000000001111111000000000011111110000000001111110000000
111100000000000000000001111111100000000000000000111111000000000001111101000111111000000000000000000111111111111100000000000001111111110000001111111100000000001111110000000
111100000000000000000001111111111111111111111000111111000000000001111100000111111000000000000000000111111111111111111111000000111111111111111111111100000000001111110000000
111100000000000000000001111111111111111111111000111111000000000001111110000111111000000000000000000111111111111111111111100000111111111111111111111000000000001111110000000
111100000000000000000001111111111111111111111000011111000000000001111110000111110000000000000000000111111111111111111111100000011111111111111111110000000000001111110000000
111100000000000000000001111111111111111111111000111111000000000001111111000111110000000000000000000111111111111111111111000000000111111111111111100000000000001111110000000
111000000000000000000000111111111111111111110000011110000000000001111110000011110000000000000000000011111111111111111111000000000011111111111110000000000000000111100000000