000000000000000000000000000000000000000000000000000000000000000000000000000000000000000000000000000000000000000000000000000000000000000000000000000000000000000000000000000
000000000000000000000000000000000000000000000000000000000000000000000000000000000000000000000000000000000000000000000000000000000000000000000000000000000000000000000000000
000000000000000000000000000000000000000000000000000000000000000000000000000000000000000000000000000000000000000000000000000000000000000000000000000000000000000000000000000
000000000000000000000000000000000000000000000000000000000000000000000000000000000000000000000000000000000000000000000000000000000000000000000000000000000000000000000000000
000000000011111111100000000111111111111111111100000011111111111111000001111000000000000111100000111000000000001111000001111000000000000111000000000001111111110000000000000
000000001111111111111000000111111111111111111100000011111111111111000001111000000000000111100001111100000000001111000001111000000000001111000000000111111111111100000000000
000000011111111111111110000111111111111111111100000011111111111111000001111000000000001111110001111100000000001111000001111000000000001111100000001111111111111111000000000
000000111111111111111110000111111111111111111100000011111111111111000001111000000000011111110001111100000000001111000001111000000000001111100000011111111111111111100000000
000001111110000000011111000000000011111000000000000111100000001111000001111000000000111111110001111100000000001111000001111000000000001111100000111111000000001111100000000
000011111000000000001111100000000011111000000000000111100000001111000001111000000000111111110001111100000000001111000001111000000000001111100001111110000000000111110000000
000011111000000000000111100000000011111000000000000111100000001111000001111000000001111111110001111100000000001111000001111000000000001111100001111100000000000011110000000
000011110000000000000111110000000011111000000000000111100000001111000001111000000011111111110001111100000000001111000001111000000000001111100001111000000000000011111000000
000111110000000000000011110000000011111000000000000111100000001111000001111000000011111011110001111100000000001111000001111000000000001111100011111000000000000001111000000
000111100000000000000011110000000011111000000000000111100000001111000001111000000111110011110001111100000000001111000001111000000000001111100011110000000000000001111000000
000111100000000000000011110000000011111000000000000111100000001111000001111000000111100111110000111100000000001111000001111111111111111111100011110000000000000001111000000
000111100000000000000011110000000011111000000000000111100000001111000001111000001111100111110000111100000000001111000001111111111111111111100011110000000000000001111100000
000111100000000000000011110000000011111000000000001111000000001111000001111000011111000111110000111100000000011111000001111111111111111111100011110000000000000001111100000
000111100000000000000011110000000011111000000000001111000000001111000001111000111110000111110000111111111111111111000001111111111111111111100011110000000000000001111100000
000111100000000000000011110000000011111000000000001111000000001111000001111000111110000111110000011111111111111111000001111000000000001111100011110000000000000001111000000
000111100000000000000011110000000011111000000000001111000000001111000001111001111100000111110000001111111111111111000001111000000000001111100011110000000000000001111000000
000111100000000000000011110000000011111000000000001111000000001111000001111011111000000111110000000111111111001111000001111000000000001111100011111000000000000001111000000
000111110000000000000011110000000011111000000000001111000000001111000001111011111000000111110000000000000000001111000001111000000000001111100011111000000000000001111000000
000011110000000000000111110000000011111000000000011110000000001111000001111111110000000111110000000000000000001111000001111000000000001111100001111000000000000011111000000
000011111000000000000111100000000011111000000000011110000000001111000001111111100000000111110000000000000000001111000001111000000000001111100001111100000000000011110000000
000011111100000000001111100000000011111000000000011110000000001111000001111111100000000111110000000000000000001111000001111000000000001111100001111110000000000111110000000
000001111110000000111111000000000011111000000000111110000000001111000001111111000000000111110000000000000000001111000001111000000000001111100000111111000000011111100000000
000000111111111111111110000000000011111000000111111100000000001111000001111110000000000111110000000000000000001111000001111000000000001111100000011111111111111111000000000
000000011111111111111100000000000011111000001111111100000000001111000001111110000000000111110000000000000000001111000001111000000000001111100000001111111111111110000000000
000000001111111111111000000000000011111000001111111000000000001111000001111100000000000011110000000000000000001111000001111000000000001111000000000111111111111100000000000
000000000001111111100000000000000001110000000111110000000000000111000001111000000000000011100000000000000000000111000001111000000000000111000000000000111111110000000000000
000000000000000000000000000000000000000000000000000000000000000000000000000000000000000000000000000000000000000000000000000000000000000000000000000000000000000000000000000
000000000000000000000000000000000000000000000000000000000000000000000000000000000000000000000000000000000000000000000000000000000000000000000000000000000000000000000000000
000000000000000000000000000000000000000000000000000000000000000000000000000000000000000000000000000000000000000000000000000000000000000000000000000000000000000000000000000
